1.000000000 -0.000000000 0.000000000 -0.000000119 -0.000000000 1.000000000 0.000000000 0.000000000 0.000000000 0.000000000 1.000000000 0.000000060
0.999991000 -0.002530113 -0.003398764 0.002060477 0.002522276 0.999994159 -0.002308026 -0.002376848 0.003404584 0.002299432 0.999991536 0.656259954
0.999970973 -0.001081497 -0.007538894 -0.003394326 0.001053868 0.999992728 -0.003667860 -0.007288411 0.007542806 0.003659808 0.999964833 1.333867192
0.999937415 -0.001069342 -0.011135475 -0.021095619 0.001011262 0.999985874 -0.005220036 -0.006581191 0.011140900 0.005208448 0.999924362 2.019919634
0.999883115 0.001028189 -0.015253391 -0.071770750 -0.001125496 0.999979019 -0.006372195 -0.001730565 0.015246522 0.006388617 0.999863386 2.789587498
0.999805748 -0.000074622 -0.019713150 -0.086940736 -0.000055943 0.999978006 -0.006622581 -0.006699119 0.019713212 0.006622396 0.999783754 3.523513556
0.999702513 0.001667970 -0.024331575 -0.107960314 -0.001867342 0.999964833 -0.008173580 -0.006223459 0.024317088 0.008216583 0.999670565 4.268218040
0.999572456 0.004391331 -0.028906785 -0.137080103 -0.004640718 0.999952495 -0.008565868 -0.017791256 0.028867800 0.008696353 0.999545395 5.013082981
0.999431849 0.004977317 -0.033336166 -0.172070026 -0.005208606 0.999962926 -0.006854844 -0.026409527 0.033300810 0.007024584 0.999420702 5.786624432
0.999272943 0.004569546 -0.037852798 -0.201405793 -0.004735422 0.999979556 -0.004293625 -0.030189805 0.037832409 0.004469752 0.999274135 6.572208881
0.999156415 0.004079301 -0.040863004 -0.237946957 -0.004128711 0.999990821 -0.001124879 -0.041177321 0.040858045 0.001292641 0.999164164 7.363216877
0.999030292 0.005294194 -0.043709356 -0.273787320 -0.005394319 0.999983132 -0.002173090 -0.045708980 0.043697119 0.002406765 0.999041975 8.157160759
0.999300599 0.009170678 -0.036253612 -0.546694994 -0.009240565 0.999955773 -0.001760646 -0.079954132 0.036235869 0.002094419 0.999341071 8.936632156
0.999273658 0.006380193 -0.037569471 -0.578358769 -0.006466496 0.999976754 -0.002176115 -0.084818363 0.037554722 0.002417478 0.999291599 9.755123138
0.999172986 0.005679881 -0.040263116 -0.599077106 -0.005729971 0.999982953 -0.001128776 -0.091385007 0.040256023 0.001358549 0.999188483 10.592125893
0.999098361 0.004371799 -0.042229023 -0.626773477 -0.004454554 0.999988317 -0.001865787 -0.093942612 0.042220376 0.002052216 0.999106228 11.442309380
0.999006689 0.005864120 -0.044173222 -0.632861495 -0.006253881 0.999942660 -0.008690434 0.004989751 0.044119731 0.008958057 0.998986185 11.982235909
0.998955429 0.006419921 -0.045242388 -0.676322818 -0.006960622 0.999906123 -0.011803788 -0.000506103 0.045162357 0.012106375 0.998906374 12.838496208
0.998866022 0.010465568 -0.046445720 -0.728542268 -0.011095332 0.999849677 -0.013322119 -0.019351929 0.046299316 0.013822343 0.998832047 13.690937996
0.998743355 0.011085197 -0.048874445 -0.745532513 -0.011742117 0.999844253 -0.013174390 -0.027760431 0.048720792 0.013731726 0.998718083 14.563165665
0.998321533 0.007767564 -0.057391420 -0.695928276 -0.008214151 0.999937713 -0.007549639 -0.097551785 0.057329200 0.008008387 0.998323321 15.572107315
0.998250067 0.008542999 -0.058513079 -0.749372125 -0.008922729 0.999940693 -0.006231459 -0.105658621 0.058456376 0.006742650 0.998267174 16.452299118
0.998207033 0.008368112 -0.059267767 -0.799941778 -0.008733116 0.999944448 -0.005902231 -0.122139364 0.059215087 0.006409241 0.998224676 17.341726303
0.998046756 0.007517676 -0.062019736 -0.832104206 -0.007956292 0.999944925 -0.006828269 -0.133465901 0.061964981 0.007308378 0.998051584 18.259605408
0.997991800 0.005953357 -0.063063107 -0.886793375 -0.006438289 0.999951184 -0.007489225 -0.143329486 0.063015431 0.007880203 0.997981429 19.160099030
0.997930467 0.005772647 -0.064042307 -0.931625724 -0.006148890 0.999964893 -0.005679361 -0.154835135 0.064007275 0.006061396 0.997931063 20.059749603
0.997904897 0.006864247 -0.064334817 -0.979935110 -0.007040621 0.999972045 -0.002515175 -0.162036091 0.064315766 0.002962862 0.997925222 20.989149094
0.997950315 0.007881509 -0.063506201 -1.033950090 -0.007824473 0.999968827 0.001146770 -0.168428376 0.063513249 -0.000647517 0.997980833 21.904264450
0.998081684 0.006884236 -0.061526984 -1.089867115 -0.006650026 0.999969840 0.004010569 -0.173298210 0.061552763 -0.003593720 0.998097360 22.818540573
0.998163044 0.007072086 -0.060172051 -1.144448996 -0.006780682 0.999964297 0.005045631 -0.178088859 0.060205609 -0.004628354 0.998175323 23.756832123
0.998248100 0.006434081 -0.058815658 -1.184199214 -0.006293585 0.999976814 0.002573683 -0.190073684 0.058830857 -0.002199013 0.998265505 24.695240021
0.998298347 0.007216584 -0.057864357 -1.235248208 -0.007349850 0.999970675 -0.002090572 -0.197197273 0.057847586 0.002512310 0.998322248 25.618106842
0.998356819 0.006699686 -0.056909095 -1.279921532 -0.007029668 0.999959588 -0.005600195 -0.199894816 0.056869280 0.005991045 0.998363614 26.560041428
0.998393476 0.004293106 -0.056497276 -1.327533245 -0.004554317 0.999979496 -0.004495446 -0.205070704 0.056476824 0.004745531 0.998392642 27.519664764
0.998423576 0.002473173 -0.056072433 -1.381962061 -0.002428775 0.999996662 0.000859935 -0.222641557 0.056074362 -0.000722392 0.998426378 28.485610962
0.998388350 -0.001349773 -0.056735557 -1.430328608 0.001597196 0.999989390 0.004315879 -0.230348304 0.056729123 -0.004399542 0.998379946 29.442745209
0.998298168 -0.008421312 -0.057705209 -1.474397898 0.008638025 0.999956548 0.003507122 -0.235628426 0.057673160 -0.003999613 0.998327613 30.398057938
0.998151124 -0.011281918 -0.059725668 -1.506668568 0.011274351 0.999936283 -0.000463654 -0.239663035 0.059727103 -0.000210571 0.998214781 31.378406525
0.998076200 -0.011190565 -0.060981873 -1.563537955 0.010926117 0.999929368 -0.004668221 -0.243932009 0.061029810 0.003992945 0.998128057 32.345134735
0.997966766 -0.009879612 -0.062967867 -1.634037495 0.009580768 0.999941349 -0.005046165 -0.253248066 0.063014030 0.004432624 0.998002827 33.321865082
0.997913599 -0.009491769 -0.063862912 -1.674224854 0.009273142 0.999950051 -0.003718931 -0.268242687 0.063895002 0.003118962 0.997951746 34.259078979
0.997857630 -0.006528461 -0.065096892 -1.738664389 0.006493429 0.999978602 -0.000749704 -0.281174332 0.065100394 0.000325396 0.997878551 35.232524872
0.997801900 -0.006465481 -0.065951690 -1.801078558 0.006526223 0.999978542 0.000705599 -0.293573648 0.065945692 -0.001134463 0.997822523 36.179691315
0.997690976 -0.006246693 -0.067628831 -1.854464769 0.006493535 0.999973059 0.003430734 -0.295997620 0.067605592 -0.003861964 0.997704685 37.200801849
0.997719884 -0.005914597 -0.067231208 -1.913703918 0.006379926 0.999957204 0.006708723 -0.306157112 0.067188650 -0.007122358 0.997714877 38.175319672
0.997704923 -0.000100802 -0.067711547 -1.983614683 0.000711936 0.999959230 0.009001474 -0.308697283 0.067707874 -0.009029021 0.997664392 39.147052765
0.997661650 -0.000388211 -0.068345271 -2.052900791 0.000951484 0.999965847 0.008209226 -0.305125266 0.068339735 -0.008255061 0.997628093 40.159088135
0.997680008 -0.000327145 -0.068076536 -2.118914127 0.000764363 0.999979258 0.006396490 -0.304475665 0.068073019 -0.006433686 0.997659624 41.137683868
0.997687221 0.002249281 -0.067933835 -2.191771507 -0.001971361 0.999989450 0.004157815 -0.310669303 0.067942455 -0.004014279 0.997681141 42.119007111
0.997593343 0.001242999 -0.069326103 -2.234714508 -0.000938768 0.999989748 0.004420806 -0.317044258 0.069330916 -0.004345086 0.997584283 43.081954956
0.997508943 -0.000292773 -0.070540234 -2.299293756 0.000689678 0.999984086 0.005602357 -0.321534663 0.070537478 -0.005637052 0.997493207 44.053195953
0.997462928 0.000233643 -0.071187302 -2.362268925 0.000257972 0.999976218 0.006896667 -0.335062981 0.071187235 -0.006897534 0.997439206 45.010078430
0.997416496 0.002656559 -0.071787268 -2.422965527 -0.002421460 0.999991477 0.003361777 -0.343126297 0.071795568 -0.003179261 0.997414351 45.975036621
0.997363448 0.003302676 -0.072493486 -2.491246223 -0.003389526 0.999993742 -0.001075057 -0.343919814 0.072489478 0.001317941 0.997368395 46.927719116
0.997310102 0.004371479 -0.073167786 -2.560489655 -0.004567637 0.999986351 -0.002513820 -0.348377317 0.073155798 0.002841263 0.997316539 47.880092621
0.997315466 0.003086919 -0.073159836 -2.629364729 -0.003000846 0.999994576 0.001286399 -0.364040822 0.073163420 -0.001063405 0.997319520 48.834735870
0.997287214 0.001414559 -0.073595174 -2.687265396 -0.001112181 0.999990702 0.004149477 -0.371982485 0.073600374 -0.004056369 0.997279704 49.779209137
0.997313440 -0.000000128 -0.073252246 -2.756661654 0.000363163 0.999987721 0.004942636 -0.377587140 0.073251352 -0.004955960 0.997301221 50.731018066
0.997286081 -0.003149340 -0.073556073 -2.818993568 0.003422664 0.999987721 0.003590104 -0.383140624 0.073543862 -0.003832119 0.997284591 51.671108246
0.997253597 -0.006179160 -0.073804788 -2.882303715 0.006370635 0.999976933 0.002359204 -0.392453253 0.073788509 -0.002822908 0.997269988 52.606128693
0.997153759 -0.007058760 -0.075064294 -2.935303688 0.007354714 0.999966204 0.003666977 -0.403797507 0.075035878 -0.004208617 0.997171998 53.532936096
0.997016490 -0.011636928 -0.076307222 -2.994287491 0.012267087 0.999894321 0.007794644 -0.404469311 0.076208465 -0.008707454 0.997053921 54.474201202
0.996994376 -0.012175178 -0.076511353 -3.065915108 0.013196252 0.999830186 0.012854003 -0.405318022 0.076341875 -0.013825031 0.996985912 55.402103424
0.996963084 -0.010413559 -0.077176340 -3.136682034 0.011628862 0.999815106 0.015314455 -0.406429410 0.077002607 -0.016165420 0.996899843 56.332847595
0.996793926 -0.009687942 -0.079422854 -3.195021868 0.010616449 0.999880075 0.011276763 -0.407874823 0.079304099 -0.012083799 0.996777296 57.250736237
0.996750474 -0.008176648 -0.080134608 -3.273577213 0.008463414 0.999958932 0.003239583 -0.405835956 0.080104835 -0.003907270 0.996778727 58.153442383
0.996729016 -0.006132044 -0.080582686 -3.352106333 0.006015694 0.999980509 -0.001686541 -0.411337316 0.080591455 0.001196263 0.996746540 59.048385620
0.996644914 -0.001328880 -0.081836045 -3.424355268 0.001264898 0.999998868 -0.000833648 -0.419490695 0.081837058 0.000727335 0.996645391 59.936450958
0.996542573 0.001092002 -0.083076999 -3.503427982 -0.000932691 0.999997675 0.001956423 -0.435970902 0.083078951 -0.001872174 0.996541142 60.811038971
0.996461451 0.003688924 -0.083971106 -3.569222450 -0.003433259 0.999988973 0.003188887 -0.441633642 0.083981961 -0.002889308 0.996463120 61.681266785
0.996355832 0.004478722 -0.085176706 -3.640004396 -0.004234157 0.999986470 0.003051704 -0.449294686 0.085189216 -0.002679932 0.996361256 62.532936096
0.996214807 0.006421604 -0.086689346 -3.712430000 -0.006120458 0.999974251 0.003739186 -0.456613272 0.086711124 -0.003194455 0.996228337 63.357944489
0.996101141 0.007352984 -0.087911658 -3.788223743 -0.006982232 0.999965310 0.004524094 -0.468385458 0.087941870 -0.003892637 0.996118069 64.191589355
0.995947778 0.006714949 -0.089682333 -3.851654053 -0.006270320 0.999966562 0.005238648 -0.476445466 0.089714505 -0.004655084 0.995956779 65.003425598
0.995857358 0.006614513 -0.090688519 -3.919581175 -0.006081827 0.999962628 0.006148904 -0.483847320 0.090725765 -0.005571880 0.995860338 65.790946960
0.995712101 0.009335433 -0.092034556 -3.993727684 -0.008550677 0.999923706 0.008917388 -0.487637579 0.092110775 -0.008092192 0.995715857 66.578849792
0.995582819 0.011211763 -0.093215615 -4.066922188 -0.010026267 0.999862909 0.013176421 -0.494917870 0.093350567 -0.012183615 0.995558798 67.342437744
0.995372713 0.014278322 -0.095023140 -4.140046597 -0.012915611 0.999804914 0.014940467 -0.497755051 0.095217936 -0.013644052 0.995362997 68.119377136
0.995213628 0.017006945 -0.096232317 -4.215264320 -0.016030790 0.999811947 0.010907840 -0.503275514 0.096399739 -0.009312952 0.995299160 68.856742859
0.995062649 0.016996859 -0.097782336 -4.282133102 -0.016744152 0.999853969 0.003404490 -0.508829355 0.097825930 -0.001750399 0.995202005 69.570159912
0.994923890 0.016108541 -0.099332117 -4.346885681 -0.016430538 0.999862015 -0.002424384 -0.514902890 0.099279352 0.004044158 0.995051444 70.262741089
0.994875848 0.016779555 -0.099701434 -4.418400764 -0.017231962 0.999844670 -0.003678152 -0.519210815 0.099624254 0.005377356 0.995010614 70.946281433
0.994761288 0.019577326 -0.100333229 -4.486640930 -0.019677630 0.999806523 -0.000010062 -0.529535413 0.100313611 0.001984330 0.994953930 71.608940125
0.994607389 0.020075768 -0.101749845 -4.552071571 -0.019957028 0.999798536 0.002184890 -0.541147709 0.101773210 -0.000142483 0.994807661 72.256340027
0.994558811 0.016723586 -0.102826014 -4.608986855 -0.016931122 0.999856055 -0.001145780 -0.552498102 0.102792054 0.002880506 0.994698763 72.874427795
0.994684875 0.008527201 -0.102612592 -4.657069206 -0.009218943 0.999937832 -0.006268927 -0.567850053 0.102552749 0.007181587 0.994701684 73.473312378
0.994799852 0.004670745 -0.101741880 -4.705606461 -0.005852357 0.999918759 -0.011318438 -0.573212922 0.101680748 0.011855011 0.994746506 74.069648743
0.995081127 0.007081198 -0.098810643 -4.758606434 -0.008300492 0.999894261 -0.011934066 -0.577754140 0.098715693 0.012695541 0.995034814 74.647537231
0.995439768 0.011981337 -0.094636895 -4.816948891 -0.012817179 0.999883890 -0.008229155 -0.600251317 0.094527334 0.009404604 0.995477915 75.208869934
0.995898962 0.010640209 -0.089844167 -4.863347054 -0.011144748 0.999924719 -0.005115892 -0.607984185 0.089782976 0.006096203 0.995942771 75.755813599
0.996434212 0.007254148 -0.084061004 -4.894835949 -0.007412496 0.999971211 -0.001571792 -0.606198072 0.084047198 0.002189288 0.996459484 76.290290833
0.997135460 0.002208218 -0.075603962 -4.916703224 -0.002022021 0.999994695 0.002539239 -0.631645083 0.075609170 -0.002379093 0.997134686 76.819976807
0.997884214 0.005812987 -0.064756460 -4.947331429 -0.005660871 0.999980807 0.002532292 -0.640168726 0.064769946 -0.002160357 0.997897923 77.329429626
0.998713434 0.011071322 -0.049486861 -4.967768192 -0.010990292 0.999937773 0.001909217 -0.645069838 0.049504921 -0.001362886 0.998773038 77.828338623
0.999384880 0.016258702 -0.031074345 -4.979334831 -0.016190806 0.999865949 0.002435415 -0.648561180 0.031109773 -0.001930798 0.999514163 78.316627502
0.999849379 0.014855016 -0.008980393 -4.962633133 -0.014832322 0.999886572 0.002588219 -0.647050977 0.009017818 -0.002454630 0.999956429 78.799308777
0.999769449 0.011523915 0.018119313 -4.938881397 -0.011594927 0.999925494 0.003818985 -0.657339931 -0.018073961 -0.004028196 0.999828517 79.253471375
0.998814106 0.010171377 0.047611974 -4.879461288 -0.010448607 0.999929786 0.005577448 -0.667249203 -0.047551908 -0.006068313 0.998850405 79.710342407
0.996643245 0.009795913 0.081279650 -4.821180820 -0.010397781 0.999921560 0.006984930 -0.671891332 -0.081204847 -0.007806612 0.996666908 80.158744812
0.992812276 0.009843997 0.119277477 -4.741820335 -0.010828753 0.999912381 0.007610678 -0.676493227 -0.119192116 -0.008847600 0.992831945 80.600929260
0.986832440 0.010001661 0.161436945 -4.642426491 -0.011300078 0.999910712 0.007126706 -0.675175786 -0.161351234 -0.008857115 0.986857295 81.031295776
0.978179097 0.009844824 0.207530826 -4.527927399 -0.011568816 0.999907911 0.007095126 -0.680148363 -0.207441851 -0.009341188 0.978202820 81.441932678
0.966364443 0.012735340 0.256861329 -4.381895065 -0.014471542 0.999883354 0.004870051 -0.685774922 -0.256769329 -0.008423424 0.966436088 81.855590820
0.950243175 0.013649297 0.311210036 -4.235397339 -0.015119681 0.999882996 0.002312501 -0.699004591 -0.311142087 -0.006902836 0.950338304 82.228691101
0.929845333 0.014076699 0.367681533 -4.050830841 -0.015136844 0.999885380 -0.000000449 -0.702662647 -0.367639452 -0.005565120 0.929951787 82.598083496
0.904968858 0.014997416 0.425213695 -3.836490631 -0.015587156 0.999876261 -0.002092299 -0.705893040 -0.425192475 -0.004734406 0.905090630 82.954147339
0.875406981 0.015220205 0.483147025 -3.601253510 -0.014933186 0.999878645 -0.004441182 -0.707650185 -0.483155996 -0.003327084 0.875527978 83.280548096
0.841110289 0.014317023 0.540674150 -3.353652954 -0.012866829 0.999896348 -0.006460668 -0.719094396 -0.540710688 -0.001522628 0.841207385 83.578186035
0.803713799 0.013739716 0.594857395 -3.076427460 -0.011205881 0.999905586 -0.007955013 -0.726904035 -0.594910562 -0.000272346 0.803791881 83.865417480
0.763670683 0.011821787 0.645497799 -2.783084869 -0.008760804 0.999930024 -0.007948270 -0.726753950 -0.645546556 0.000414780 0.763720870 84.123947144
0.720535159 0.011492923 0.693323135 -2.488067627 -0.010481889 0.999928892 -0.005682105 -0.738473892 -0.693339169 -0.003173179 0.720604479 84.349349976
0.673991501 0.010657354 0.738662183 -2.179206848 -0.009849201 0.999936700 -0.005440104 -0.743679821 -0.738673508 -0.003608650 0.674053907 84.578323364
0.627290785 0.009698855 0.778724670 -1.845031738 -0.006062301 0.999952972 -0.007570804 -0.743214726 -0.778761506 0.000028233 0.627320170 84.770111084
0.578945220 0.007607969 0.815330982 -1.510646820 -0.000346600 0.999958634 -0.009084646 -0.746379972 -0.815366387 0.004976920 0.578923941 84.953346252
0.531311393 0.009180433 0.847126901 -1.172103882 -0.002134585 0.999952614 -0.009497829 -0.761583865 -0.847173929 0.003238041 0.531305909 85.115974426
0.483259618 0.012463130 0.875388384 -0.831302643 -0.005527349 0.999922156 -0.011184769 -0.765427828 -0.875459671 0.000566568 0.483291030 85.264312744
0.436889678 0.014358536 0.899400473 -0.481388092 -0.006367963 0.999896884 -0.012869636 -0.778361917 -0.899492562 -0.000104737 0.436936229 85.394226074
0.393859297 0.013011809 0.919078588 -0.120695114 0.000332975 0.999897718 -0.014298695 -0.776064754 -0.919170618 0.005937703 0.393814802 85.495254517
0.354101539 0.005387037 0.935191512 0.248691559 0.015776560 0.999806702 -0.011732890 -0.780718267 -0.935073972 0.018908741 0.353948176 85.568771362
0.317638993 0.002181043 0.948209167 0.614486694 0.019690916 0.999766529 -0.008895860 -0.782316864 -0.948007226 0.021496782 0.317521960 85.656250000
0.283989191 0.006124660 0.958807826 0.979980469 0.017500592 0.999779820 -0.011569876 -0.790505588 -0.958667755 0.020065425 0.283819586 85.741371155
0.252143979 0.013617584 0.967593849 1.357017517 0.007154645 0.999847472 -0.015935928 -0.804435253 -0.967663288 0.010940939 0.252008140 85.837944031
0.223576531 0.018064003 0.974518895 1.732900620 0.001965053 0.999817848 -0.018983783 -0.820675850 -0.974684358 0.006159309 0.223500341 85.910102844
0.197259888 0.019806214 0.980151057 2.119546890 0.003338137 0.999776483 -0.020874601 -0.834869027 -0.980345607 0.007389600 0.197149664 85.966369629
0.173282579 0.021544583 0.984636366 2.522259712 0.010686943 0.999660671 -0.023754081 -0.843634605 -0.984814167 0.014638921 0.172993541 86.011451721
0.153251335 0.027852751 0.987794638 2.929114342 0.017655712 0.999366045 -0.030918218 -0.846819639 -0.988029540 0.022178477 0.152662396 86.037689209
0.133304760 0.034897503 0.990460515 3.351725578 0.019821916 0.999086142 -0.037869215 -0.845154583 -0.990876913 0.024680972 0.132491216 86.074851990
0.115449339 0.035523381 0.992677987 3.803903580 0.018127151 0.999118507 -0.037862070 -0.856313884 -0.993147969 0.022365576 0.114703648 86.122741699
0.099606752 0.030925807 0.994546175 4.254849434 0.015933508 0.999339104 -0.032670632 -0.881531239 -0.994899273 0.019100824 0.099048153 86.159889221
0.084643222 0.027469406 0.996032655 4.718829155 0.016111109 0.999451578 -0.028932825 -0.903083086 -0.996281087 0.018496156 0.084154241 86.194198608
0.071418323 0.025098905 0.997130632 5.192121029 0.018265013 0.999482751 -0.026466327 -0.920960784 -0.997279227 0.020102780 0.070922934 86.208984375
0.059567694 0.024434609 0.997925222 5.692989349 0.022711532 0.999408484 -0.025826607 -0.932580292 -0.997965932 0.024202844 0.058977515 86.220733643
0.049352795 0.025266254 0.998461843 6.198254585 0.025914621 0.999310970 -0.026568668 -0.945870221 -0.998445213 0.027186004 0.048664037 86.231704712
0.041090228 0.025900086 0.998819768 6.715790749 0.028115982 0.999238074 -0.027067591 -0.961121380 -0.998759866 0.029195016 0.040330723 86.245376587
0.035589993 0.026171273 0.999023736 7.256024837 0.029950956 0.999179959 -0.027242362 -0.977365673 -0.998917639 0.030891275 0.034776963 86.254501343
0.029978745 0.027304616 0.999177516 7.821079254 0.031005753 0.999120414 -0.028233331 -0.990766704 -0.999069512 0.031826653 0.029105769 86.259132385
0.024258384 0.027945435 0.999315143 8.388186455 0.031478163 0.999092221 -0.028703339 -1.006940007 -0.999210060 0.032152899 0.023356687 86.261459351
0.019623596 0.027952747 0.999416709 8.984805107 0.033964064 0.999013543 -0.028608363 -1.025961637 -0.999230325 0.034505647 0.018654842 86.265022278
0.016576037 0.028048530 0.999469161 9.601044655 0.035214823 0.998969853 -0.028618550 -1.042050958 -0.999242246 0.035670515 0.015571238 86.270278931
0.013552466 0.027648063 0.999525845 10.229261398 0.036195803 0.998948932 -0.028122876 -1.059636712 -0.999252856 0.036559779 0.012537478 86.269981384
0.011071810 0.026869619 0.999577701 10.866780281 0.038496878 0.998886228 -0.027277447 -1.081767082 -0.999197423 0.038782630 0.010025080 86.272346497
0.010282041 0.026890352 0.999585569 11.549236298 0.042641733 0.998717248 -0.027305620 -1.097289801 -0.999037504 0.042904820 0.009122199 86.269912720
0.011462850 0.026698321 0.999577820 12.228173256 0.046055887 0.998568535 -0.027199512 -1.114598989 -0.998873055 0.046348229 0.010216826 86.266685486
0.013656233 0.026600070 0.999552906 12.923465729 0.047677770 0.998491764 -0.027223218 -1.136450529 -0.998769403 0.048028219 0.012367404 86.274909973
0.017383173 0.026425445 0.999499619 13.637675285 0.050229769 0.998365402 -0.027269047 -1.156923532 -0.998586416 0.050678659 0.016027413 86.282196045
0.021983542 0.025970923 0.999421000 14.386903763 0.050634842 0.998350799 -0.027056880 -1.181196570 -0.998475254 0.051200349 0.020632252 86.293060303
0.025990123 0.024622403 0.999359012 15.135809898 0.052076921 0.998305917 -0.025950810 -1.196728230 -0.998304784 0.052718006 0.024663836 86.310844421
0.029688725 0.022889167 0.999297142 15.888834000 0.051619440 0.998368621 -0.024401493 -1.219750881 -0.998225451 0.052307606 0.028458774 86.336685181
0.034143016 0.020610187 0.999204457 16.659870148 0.048647948 0.998567820 -0.022259368 -1.240597844 -0.998232245 0.049369249 0.033091474 86.362892151
0.038017385 0.019398307 0.999088824 17.431991577 0.047321472 0.998654962 -0.021190563 -1.267007351 -0.998156011 0.048083965 0.037048288 86.390731812
0.041960891 0.020381726 0.998911321 18.286207199 0.045034867 0.998737156 -0.022269933 -1.285589218 -0.998103797 0.045920309 0.040990017 86.442062378
0.044791967 0.024508262 0.998695612 19.075059891 0.042792927 0.998734295 -0.026428489 -1.311082840 -0.998079360 0.043920897 0.043686491 86.481979370
0.046125505 0.029856998 0.998489320 19.866382599 0.037074007 0.998813450 -0.031579331 -1.336859703 -0.998247385 0.038474619 0.044963852 86.526100159
0.045996893 0.032881234 0.998400271 20.649311066 0.034298945 0.998816848 -0.034475125 -1.365104914 -0.998352587 0.035829812 0.044814683 86.558013916
0.046444088 0.032617226 0.998388231 21.472484589 0.031931456 0.998907566 -0.034119613 -1.389353037 -0.998410404 0.033464648 0.045351848 86.589179993
0.045990154 0.030617818 0.998472512 22.342206955 0.029019939 0.999067366 -0.031972729 -1.424220085 -0.998520255 0.030446045 0.045058731 86.651046753
0.045799050 0.029352695 0.998519301 23.148040771 0.029589754 0.999089718 -0.030726656 -1.456778049 -0.998512328 0.030953189 0.044888820 86.686248779
0.045918230 0.028362658 0.998542428 23.950349808 0.027557796 0.999180555 -0.029648032 -1.495051384 -0.998564959 0.028879015 0.045098990 86.726272583
0.045952775 0.028599629 0.998534083 24.757402420 0.025630798 0.999227285 -0.029799014 -1.529803276 -0.998614788 0.026962571 0.045184236 86.767082214
0.046521008 0.028592393 0.998507917 25.556320190 0.022313036 0.999311090 -0.029654965 -1.571890831 -0.998668075 0.023659322 0.045850977 86.794662476
0.044524524 0.030776283 0.998534083 26.401346207 0.020501310 0.999286711 -0.031713635 -1.589012504 -0.998797953 0.021883296 0.043861810 86.856330872
0.041768886 0.030511377 0.998661220 27.205701828 0.017208248 0.999363363 -0.031252559 -1.619577408 -0.998979151 0.018490599 0.041217241 86.889846802
0.037277862 0.028837344 0.998888850 28.002307892 0.014915979 0.999456108 -0.029410385 -1.654330254 -0.999193668 0.015995761 0.036827452 86.926361084
0.031481214 0.026565295 0.999151230 28.805744171 0.012665652 0.999555826 -0.026975123 -1.683719635 -0.999424160 0.013504113 0.031130763 86.964363098
0.026623780 0.024515349 0.999345005 29.624137878 0.011232019 0.999628782 -0.024821548 -1.712203622 -0.999582469 0.011885505 0.026338534 86.962425232
0.018969348 0.024354996 0.999523401 30.416183472 0.011007438 0.999637544 -0.024566682 -1.743930101 -0.999759555 0.011468207 0.018694378 86.973716736
0.010086631 0.025444789 0.999625385 31.208501816 0.010489491 0.999618471 -0.025550455 -1.772045374 -0.999894142 0.010743279 0.009815877 86.975769043
0.000114910 0.025770547 0.999667883 31.990617752 0.010713426 0.999610424 -0.025770299 -1.801842690 -0.999942660 0.010712831 -0.000161231 86.963043213
-0.010423694 0.025286663 0.999625981 32.799041748 0.012264146 0.999608219 -0.025158336 -1.826418877 -0.999870479 0.011997316 -0.010729730 86.959434509
-0.021735318 0.024110971 0.999472857 33.580993652 0.011044827 0.999653995 -0.023875145 -1.856628895 -0.999702692 0.010520075 -0.021994099 86.942459106
-0.033118788 0.023274148 0.999180436 34.347995758 0.012647235 0.999658525 -0.022866080 -1.884133339 -0.999371409 0.011879573 -0.033401836 86.911796570
-0.044284146 0.023810377 0.998735249 35.126869202 0.012489061 0.999651015 -0.023278441 -1.907882452 -0.998940885 0.011442400 -0.044566065 86.869560242
-0.055781540 0.024499550 0.998142421 35.891418457 0.012478769 0.999637961 -0.023838880 -1.933146954 -0.998364985 0.011125817 -0.056067068 86.823051453
-0.066103317 0.025307789 0.997491777 36.652259827 0.012120599 0.999624968 -0.024558682 -1.964958429 -0.997739255 0.010466788 -0.066385269 86.758743286
-0.076945297 0.026468065 0.996683896 37.431152344 0.012823550 0.999591172 -0.025555277 -1.990626097 -0.996952891 0.010814668 -0.077253245 86.705337524
-0.086732484 0.027310880 0.995857298 38.174491882 0.013940298 0.999559581 -0.026198307 -2.016932487 -0.996134102 0.011610301 -0.087075002 86.635131836
-0.096065015 0.028060922 0.994979441 38.921028137 0.014885298 0.999531329 -0.026752118 -2.038439035 -0.995263875 0.012240623 -0.096437670 86.545509338
-0.106084585 0.028276335 0.993954957 39.674465179 0.015274006 0.999523997 -0.026804576 -2.066856861 -0.994239867 0.012338122 -0.106465980 86.474693298
-0.114610337 0.027593179 0.993027210 40.394866943 0.016309956 0.999531746 -0.025891498 -2.095149994 -0.993276775 0.013228799 -0.115006708 86.380844116
-0.122258812 0.026633063 0.992140889 41.119400024 0.018002724 0.999534965 -0.024613120 -2.120707989 -0.992334962 0.014852068 -0.122681424 86.290756226
-0.127684459 0.025142403 0.991496146 41.819866180 0.021179222 0.999519825 -0.022618417 -2.146779299 -0.991588771 0.018111097 -0.128155649 86.188537598
-0.131375313 0.023681508 0.991049826 42.537609100 0.024062537 0.999496222 -0.020693569 -2.171218872 -0.991040766 0.021128541 -0.131878957 86.089393616
-0.134166181 0.022576535 0.990701616 43.221080780 0.025887616 0.999479175 -0.019270716 -2.193003654 -0.990620732 0.023061424 -0.134680733 85.991065979
-0.136034250 0.021588631 0.990468860 43.891040802 0.025816722 0.999500334 -0.018239725 -2.217566729 -0.990367711 0.023089431 -0.136523619 85.897109985
-0.136534914 0.022360921 0.990382910 44.545570374 0.026608810 0.999467254 -0.018897720 -2.231961727 -0.990277827 0.023772711 -0.137057155 85.802230835
-0.135602146 0.023455815 0.990485728 45.211048126 0.027519204 0.999423265 -0.019899951 -2.254284143 -0.990381122 0.024558902 -0.136169434 85.698707581
-0.132654294 0.025229821 0.990841269 45.825279236 0.028826423 0.999351323 -0.021587219 -2.274687052 -0.990743101 0.025698772 -0.133295521 85.616378784
-0.127455235 0.025621047 0.991513371 46.427116394 0.028598143 0.999345601 -0.022147253 -2.297463417 -0.991432011 0.025532657 -0.128104538 85.541961670
-0.119755968 0.026070518 0.992461026 47.021385193 0.027657634 0.999354839 -0.022914283 -2.324298143 -0.992418051 0.024704996 -0.120399751 85.476264954
-0.108364969 0.026332360 0.993762434 47.601226807 0.026685733 0.999365926 -0.023570893 -2.341638327 -0.993752956 0.023965016 -0.108998932 85.419624329
-0.094301343 0.025908459 0.995206594 48.079124451 0.025269723 0.999401569 -0.023623219 -2.380348682 -0.995222867 0.022920897 -0.094899625 85.365318298
-0.077418141 0.027281333 0.996625543 48.644943237 0.024443787 0.999377012 -0.025457859 -2.397690773 -0.996698976 0.022390401 -0.078036763 85.344810486
-0.055598475 0.029905261 0.998005331 49.165466309 0.022515373 0.999334753 -0.028690776 -2.419313431 -0.998199284 0.020875299 -0.056234818 85.325935364
-0.030693356 0.032969229 0.998984933 49.677402496 0.020468185 0.999266982 -0.032349665 -2.442657948 -0.999319315 0.019454496 -0.031345669 85.325576782
-0.002065688 0.034632754 0.999398053 50.185237885 0.018964626 0.999221742 -0.034587447 -2.463079453 -0.999818027 0.018881764 -0.002720863 85.341102600
0.031040862 0.034282371 0.998930037 50.668056488 0.015660515 0.999272287 -0.034780752 -2.485016584 -0.999395490 0.016723387 0.030481398 85.378265381
0.069197565 0.032013193 0.997089267 51.165828705 0.016381726 0.999313772 -0.033221498 -2.498217344 -0.997468412 0.018632893 0.068625636 85.440589905
0.111737981 0.028715855 0.993322790 51.648742676 0.014091814 0.999436140 -0.030477758 -2.514035225 -0.993637800 0.017403247 0.111270308 85.520233154
0.157482058 0.024359733 0.987221420 52.133831024 0.011710339 0.999579370 -0.026532704 -2.532737494 -0.987452388 0.015739128 0.157130554 85.623077393
0.206389710 0.020706203 0.978250802 52.613224030 0.007088964 0.999718189 -0.022656210 -2.554328442 -0.978444219 0.011610794 0.206184745 85.758201599
0.259162694 0.018596131 0.965654731 53.058612823 0.002599033 0.999797583 -0.019951163 -2.579152107 -0.965830207 0.007680367 0.259061873 85.905677795
0.311975062 0.018089538 0.949918032 53.500480652 0.001471770 0.999808311 -0.019522971 -2.602252483 -0.950089157 0.007488743 0.311888635 86.110122681
0.371051490 0.019129002 0.928415239 53.922966003 0.003461763 0.999752402 -0.021982353 -2.612271070 -0.928605914 0.011370539 0.370893389 86.310661316
0.431114435 0.022677418 0.902012348 54.318157196 0.004134773 0.999623954 -0.027107667 -2.628985405 -0.902287841 0.015416123 0.430858523 86.550598145
0.478192270 0.022206467 0.877974451 54.587692261 0.006438952 0.999564707 -0.028788833 -2.691174507 -0.878231525 0.019419832 0.477841198 86.944396973
0.538125336 0.025382536 0.842482626 54.950477600 0.003004135 0.999482393 -0.032031525 -2.711438656 -0.842859507 0.019767905 0.537770569 87.223205566
0.596056104 0.028374221 0.802441359 55.284587860 -0.000613527 0.999391198 -0.034882613 -2.722105742 -0.802942634 0.020299673 0.595710695 87.522636414
0.651027203 0.029498959 0.758481026 55.610939026 -0.002625004 0.999326110 -0.036612824 -2.737329721 -0.759049773 0.021844927 0.650665939 87.849777222
0.700856984 0.030734116 0.712639332 55.860694885 -0.004641025 0.999246597 -0.038530391 -2.722634077 -0.713286698 0.023696918 0.700471699 88.178169250
0.748508096 0.027838740 0.662540972 56.126377106 -0.007152556 0.999399304 -0.033912268 -2.732495070 -0.663087010 0.020644750 0.748257577 88.539749146
0.792461574 0.022225354 0.609516740 56.378955841 -0.007622580 0.999618709 -0.026539512 -2.746403933 -0.609874249 0.016385451 0.792328835 88.922485352
0.831339300 0.020004638 0.555405080 56.605300903 -0.010479389 0.999738574 -0.020322969 -2.755746365 -0.555666327 0.011074978 0.831331611 89.322326660
0.864481091 0.014479131 0.502456725 56.805610657 -0.009914296 0.999881685 -0.011755630 -2.777324677 -0.502567470 0.005181015 0.864522517 89.749900818
0.892188430 0.014935867 0.451416373 56.982250214 -0.013549021 0.999888301 -0.006304418 -2.787788868 -0.451460063 -0.000491523 0.892291307 90.169822693
0.913836539 0.016316749 0.405754328 57.125820160 -0.016877407 0.999855101 -0.002196389 -2.802314281 -0.405731380 -0.004840942 0.913979650 90.594863892
0.930428863 0.022178650 0.365800977 57.252304077 -0.023994295 0.999711990 0.000417503 -2.810768604 -0.365686357 -0.009165594 0.930693150 91.030708313
0.943367958 0.026442578 0.330692828 57.372138977 -0.027967924 0.999608815 -0.000145727 -2.816766739 -0.330567360 -0.009111319 0.943738580 91.465118408
0.953763008 0.028106632 0.299242556 57.500572205 -0.029423319 0.999567032 -0.000105556 -2.813070774 -0.299115956 -0.008704035 0.954177141 91.925712585
0.960517824 0.022352785 0.277319282 57.623989105 -0.023273405 0.999729156 0.000028093 -2.815560102 -0.277243525 -0.006481149 0.960777998 92.378067017
0.964949667 0.019276632 0.261726052 57.740509033 -0.020115979 0.999797463 0.000527946 -2.825492144 -0.261662871 -0.005774318 0.965142071 92.833808899
0.968211353 0.024158515 0.248964533 57.850563049 -0.024938744 0.999688983 -0.000020204 -2.828149557 -0.248887569 -0.006189302 0.968512654 93.312957764
0.970494270 0.028934684 0.239382043 57.954864502 -0.029904339 0.999552608 0.000418789 -2.821698189 -0.239262834 -0.007564995 0.970925450 93.811172485
0.971776307 0.037022233 0.232980773 58.061603546 -0.037952859 0.999279380 -0.000488717 -2.828664780 -0.232830942 -0.008367364 0.972481251 94.305816650
0.972160697 0.042143840 0.230493873 58.162876129 -0.042190053 0.999098420 -0.004730425 -2.823737383 -0.230485409 -0.005125815 0.973062336 94.831192017
0.972385287 0.044117298 0.229173690 58.294799805 -0.043671608 0.999021232 -0.007018669 -2.837536812 -0.229259014 -0.003183533 0.973360240 95.337097168
0.972004890 0.042316567 0.231118470 58.436302185 -0.041023988 0.999104023 -0.010397832 -2.847173691 -0.231351361 0.000625343 0.972870052 95.853172302
0.970841408 0.041564215 0.236091986 58.551826477 -0.038641945 0.999108613 -0.016993232 -2.854337931 -0.236587882 0.007374682 0.971582174 96.381645203
0.969775140 0.042410541 0.240286514 58.693176270 -0.038304541 0.999029696 -0.021734860 -2.861279249 -0.240975171 0.011873868 0.970458686 96.929260254
0.968463421 0.047183026 0.244647413 58.829486847 -0.043243345 0.998834252 -0.021452971 -2.869937420 -0.245374411 0.010197046 0.969374835 97.496757507
0.966873109 0.049801160 0.250352561 58.971755981 -0.046949249 0.998746514 -0.017354587 -2.884725571 -0.250903010 0.005025821 0.967999279 98.058670044
0.965668619 0.046697710 0.255545169 59.126403809 -0.044923991 0.998908758 -0.012776807 -2.894726753 -0.255862921 0.000858057 0.966712713 98.668006897
0.964852750 0.042535294 0.259325862 59.299049377 -0.042178232 0.999086022 -0.006943513 -2.908525705 -0.259384185 -0.004238438 0.965764940 99.251258850
0.963898599 0.039958648 0.263254374 59.470764160 -0.040777523 0.999165475 -0.002354753 -2.916319132 -0.263128757 -0.008465119 0.964723647 99.865921021
0.963261962 0.035293076 0.266234457 59.648670197 -0.036135614 0.999345422 -0.001734977 -2.923789263 -0.266121447 -0.007949308 0.963906765 100.484695435
0.963277876 0.031794440 0.266617358 59.827613831 -0.031640552 0.999487460 -0.004874015 -2.930615425 -0.266635656 -0.003740890 0.963790178 101.104347229
0.963459790 0.031500295 0.265994310 60.008773804 -0.029450385 0.999497831 -0.011692774 -2.942297935 -0.266229063 0.003431882 0.963903785 101.737213135
0.963651955 0.033779956 0.265016854 60.181934357 -0.029914673 0.999379158 -0.018608859 -2.953948021 -0.265480965 0.010004563 0.964064240 102.349044800
0.964326501 0.036417775 0.262198806 60.361160278 -0.031633787 0.999247432 -0.022445073 -2.962381601 -0.262818903 0.013350036 0.964752913 103.010940552
0.964960098 0.035489380 0.259986073 60.544487000 -0.031824060 0.999325991 -0.018295286 -2.967292786 -0.260460198 0.009380405 0.965439081 103.692245483
0.965418816 0.031352736 0.258812129 60.731815338 -0.029670361 0.999505579 -0.010404889 -2.986457586 -0.259010375 0.002366026 0.965871692 104.384826660
0.966118455 0.030984752 0.256232500 60.912818909 -0.030888028 0.999513268 -0.004402932 -3.003939629 -0.256244183 -0.003660763 0.966605067 105.067909241
0.966423213 0.034709863 0.254600406 61.093391418 -0.034480385 0.999390960 -0.005365573 -3.011949778 -0.254631519 -0.003593305 0.967031419 105.780838013
0.966813743 0.040481955 0.252254725 61.275436401 -0.039251916 0.999180198 -0.009908542 -3.022171021 -0.252449036 -0.000321766 0.967610121 106.495086670
0.967737675 0.041603681 0.248501763 61.453880310 -0.039055426 0.999121785 -0.015177927 -3.032039642 -0.248915017 0.004982908 0.968512535 107.204391479
0.968798459 0.040327247 0.244546771 61.643302917 -0.037002586 0.999149919 -0.018176116 -3.043182850 -0.245071858 0.008560130 0.969467163 107.941780090
0.969911754 0.038248096 0.240433455 61.838165283 -0.035273470 0.999238729 -0.016664993 -3.057010174 -0.240887821 0.007682653 0.970522523 108.693130493
0.970804989 0.034839369 0.237326279 62.021762848 -0.032292821 0.999371588 -0.014610494 -3.075046062 -0.237686157 0.006520008 0.971320152 109.456886292
0.971280277 0.033291049 0.235597402 62.208000183 -0.031440433 0.999438167 -0.011608248 -3.091284275 -0.235851496 0.003867579 0.971781433 110.207649231
0.971638501 0.029731948 0.234594718 62.400058746 -0.028312035 0.999554753 -0.009418990 -3.099012136 -0.234770328 0.002510000 0.972047627 110.989151001
0.971911073 0.024510385 0.234068379 62.596824646 -0.023247374 0.999696493 -0.008153891 -3.113049269 -0.234197199 0.002483383 0.972185969 111.751434326
0.971977651 0.025574140 0.233678073 62.783386230 -0.024708118 0.999672711 -0.006633207 -3.123547792 -0.233771220 0.000673584 0.972291470 112.551193237
0.971762300 0.031047946 0.233910501 62.970855713 -0.029898088 0.999517143 -0.008460992 -3.133619308 -0.234060243 0.001228595 0.972221375 113.331535339
0.971438408 0.036839288 0.234414741 63.160942078 -0.035038840 0.999315739 -0.011842294 -3.145779610 -0.234690621 0.003290439 0.972064555 114.129432678
0.970866024 0.045664247 0.235231638 63.346481323 -0.043707956 0.998952806 -0.013526432 -3.154451847 -0.235602975 0.002850861 0.971845210 114.930999756
0.969851017 0.051160246 0.238267899 63.538898468 -0.049583189 0.998690367 -0.012611580 -3.174944639 -0.238601044 0.000417271 0.971117675 115.750709534
0.968948007 0.053882170 0.241322458 63.730876923 -0.052825298 0.998544812 -0.010851862 -3.189437389 -0.241555959 -0.002233041 0.970384359 116.558135986
0.968277276 0.054471832 0.243868589 63.930839539 -0.053285178 0.998513460 -0.011465323 -3.213159084 -0.244130626 -0.001892967 0.969740570 117.339836121
0.967808604 0.053108752 0.246020347 64.135406494 -0.051122751 0.998587728 -0.014456967 -3.224873066 -0.246440724 0.001414340 0.969156921 118.150825500
0.967812777 0.047029331 0.247238204 64.358558655 -0.045125544 0.998891950 -0.013364151 -3.241073608 -0.247592762 0.001777233 0.968862593 118.973098755
0.968083680 0.040662128 0.247306705 64.583625793 -0.038223337 0.999161780 -0.014656516 -3.265879154 -0.247695386 0.004735847 0.968826413 119.776977539
0.967785954 0.039727386 0.248620421 64.790298462 -0.037309226 0.999199510 -0.014432619 -3.289752483 -0.248994812 0.004691854 0.968493402 120.585014343
0.967182815 0.042042073 0.250579447 65.004226685 -0.040459860 0.999115348 -0.011464665 -3.307173967 -0.250839770 0.000950017 0.968028128 121.413665771
0.966674387 0.044001095 0.252199560 65.211463928 -0.043966886 0.999016345 -0.005773821 -3.320083618 -0.252205551 -0.005507024 0.967657983 122.240409851
0.966234267 0.047820665 0.253188640 65.418914795 -0.049054459 0.998795092 -0.001441413 -3.339698315 -0.252952456 -0.011027288 0.967415810 123.056983948
0.966025352 0.046942413 0.254148602 65.626808167 -0.046455156 0.998888910 -0.007922122 -3.356597900 -0.254238129 -0.004153542 0.967132747 123.830978394
0.966293156 0.043230787 0.253788680 65.844512939 -0.038730532 0.998991728 -0.022704527 -3.374614239 -0.254514307 0.012109862 0.966993213 124.620704651
