1.000000000 0.000000000 0.000000000 0.000000000 0.000000000 1.000000000 0.000000000 0.000000000 0.000000000 0.000000000 1.000000000 0.000000000
0.999011815 -0.000289569 0.044443801 0.053210258 0.000392338 0.999997258 -0.002303632 -0.018474082 -0.044443004 0.002318793 0.999009192 1.016863465
0.995903969 -0.004362593 0.090312302 0.153760523 0.005047141 0.999960244 -0.007352795 -0.035858188 -0.090276629 0.007778496 0.995886266 2.029331446
0.990611017 -0.003483335 0.136666626 0.294493318 0.005100786 0.999921024 -0.011486597 -0.054419175 -0.136615813 0.012075856 0.990550518 3.021597862
0.983097196 -0.000940935 0.183081627 0.491361499 0.003538792 0.999897599 -0.013863420 -0.079842918 -0.183049798 0.014276979 0.982999980 4.064124107
0.973270178 -0.003207852 0.229640722 0.729812801 0.006632022 0.999877989 -0.014140735 -0.103469297 -0.229567334 0.015285734 0.973172784 5.048029900
0.961298466 -0.003707896 0.275483668 1.026821613 0.008184073 0.999852419 -0.015100676 -0.139841139 -0.275387049 0.016770836 0.961187124 6.053394794
0.947267711 -0.005767435 0.320391297 1.356381893 0.012198673 0.999762237 -0.018069606 -0.160357416 -0.320210904 0.021025104 0.947112978 7.029629230
0.931606233 -0.007316037 0.363395512 1.740268469 0.015626963 0.999679148 -0.019935545 -0.194391310 -0.363133043 0.024250841 0.931421638 7.997076511
0.913706362 -0.007134278 0.406312525 2.157163620 0.017092880 0.999635756 -0.020885874 -0.220684171 -0.406015456 0.026028605 0.913495421 8.920088768
0.893583417 -0.007392257 0.448836356 2.622704506 0.018047860 0.999647617 -0.019467264 -0.255654722 -0.448534250 0.025496159 0.893401861 9.824907303
0.871061027 -0.006846440 0.491127104 3.118671179 0.018482151 0.999651611 -0.018844465 -0.284795642 -0.490826964 0.025491763 0.870884061 10.694211960
0.846407294 -0.007138640 0.532488227 3.666090012 0.019540470 0.999653101 -0.017658668 -0.317085773 -0.532177448 0.025351496 0.846253216 11.552254677
0.820075631 -0.007102611 0.572211087 4.244277954 0.021086644 0.999618948 -0.017812898 -0.346454263 -0.571866632 0.026673935 0.819912851 12.375453949
0.791907847 -0.008831843 0.610576630 4.866410255 0.024554240 0.999547243 -0.017388230 -0.384650290 -0.610146761 0.028762117 0.791766286 13.160213470
0.762376368 -0.007590595 0.647089183 5.512353420 0.025168570 0.999522507 -0.017927906 -0.415193915 -0.646644175 0.029954124 0.762203395 13.908514023
0.731139779 -0.010751789 0.682143033 6.203461647 0.030057251 0.999412596 -0.016463671 -0.449907899 -0.681565285 0.032540586 0.731033444 14.618363380
0.697964549 -0.009605994 0.716067910 6.940073490 0.030446902 0.999403954 -0.016270230 -0.475554585 -0.715484798 0.033158094 0.697840989 15.337179184
0.663053811 -0.008340416 0.748525381 7.699058056 0.031952720 0.999341905 -0.017169015 -0.505523801 -0.747889638 0.035301402 0.662883878 15.993985176
0.626260459 -0.009405494 0.779557228 8.491364479 0.036631189 0.999177814 -0.017372560 -0.529694080 -0.778752863 0.039435852 0.626090050 16.623146057
0.589113832 -0.007511821 0.808015108 9.319533348 0.036946375 0.999161422 -0.017648317 -0.553816319 -0.807204843 0.040250100 0.588897407 17.204717636
0.550552368 -0.005874950 0.834779918 10.149642944 0.039877586 0.999018788 -0.019269168 -0.580116689 -0.833847582 0.043897700 0.550246418 17.737745285
0.510739446 -0.004144197 0.859725535 11.000020027 0.044631410 0.998767793 -0.021699872 -0.608833790 -0.858576179 0.049453750 0.510295153 18.232872009
0.471181929 -0.002843140 0.882031560 11.870323181 0.046481200 0.998685360 -0.021611132 -0.627132177 -0.880810440 0.051180653 0.470694691 18.686809540
0.431414753 -0.004499580 0.902142465 12.786990166 0.051426601 0.998484194 -0.019612687 -0.659881532 -0.900686681 0.054855328 0.430992246 19.117042542
0.393520147 -0.004677921 0.919304013 13.706493378 0.055006385 0.998315215 -0.018466230 -0.683045208 -0.917668879 0.057834435 0.393114477 19.499986649
0.357589662 -0.002139627 0.933876336 14.642606735 0.057290539 0.998164117 -0.019650143 -0.704338551 -0.932119846 0.060528964 0.357055753 19.832723618
0.323311865 -0.002985170 0.946287692 15.599933624 0.057731651 0.998194516 -0.016575873 -0.728346586 -0.944529772 0.059989933 0.322900504 20.150470734
0.289169967 -0.004411661 0.957267642 16.586992264 0.060380567 0.998082161 -0.013639908 -0.748611093 -0.955371618 0.061744608 0.288881719 20.434513092
0.255621344 -0.004244229 0.966767669 17.573827744 0.061172795 0.998057485 -0.011792991 -0.769012988 -0.964839697 0.062154416 0.255384445 20.683099747
0.222603917 -0.001312126 0.974908054 18.574043274 0.058713183 0.998202026 -0.012062696 -0.789105177 -0.973139405 0.059925169 0.222280756 20.907775879
0.190757036 0.000577269 0.981637061 19.592182159 0.058564130 0.998211920 -0.011967513 -0.800109088 -0.979888797 0.059771609 0.190382093 21.103103638
0.159575850 0.000810735 0.987185359 20.621234894 0.060603175 0.998105407 -0.010616046 -0.820989072 -0.985323668 0.061520640 0.159224421 21.259033203
0.128502041 0.000860671 0.991708875 21.687345505 0.062532641 0.998002648 -0.008968884 -0.832531095 -0.989735901 0.063166685 0.128191575 21.380464554
0.097381212 0.000197316 0.995247126 22.759552002 0.061014455 0.998117745 -0.006167922 -0.847320914 -0.993375123 0.061325096 0.097185880 21.480609894
0.067576148 0.000010188 0.997714102 23.844318390 0.061862096 0.998075843 -0.004200170 -0.857407689 -0.995794415 0.062004510 0.067445479 21.544593811
0.039969925 0.000441430 0.999200702 24.957887650 0.064593993 0.997907043 -0.003024741 -0.864116073 -0.997110844 0.064663269 0.039857760 21.574682236
0.014677609 0.001154349 0.999891639 26.070816040 0.068870261 0.997623265 -0.002162691 -0.871639073 -0.997517586 0.068894550 0.014563223 21.571554184
-0.008295533 0.001781582 0.999963999 27.217493057 0.073109791 0.997323215 -0.001170371 -0.876936853 -0.997289419 0.073097467 -0.008403580 21.545278549
-0.028705413 0.001889901 0.999586046 28.353599548 0.079065569 0.996869326 0.000385785 -0.878568828 -0.996456027 0.079043917 -0.028764974 21.496381760
-0.046438526 0.001400967 0.998920143 29.521404266 0.083429128 0.996510625 0.002480925 -0.881940842 -0.995431066 0.083454236 -0.046393365 21.419197083
-0.062352180 0.001675180 0.998052776 30.700912476 0.086609155 0.996235371 0.003738678 -0.883386374 -0.994289160 0.086673632 -0.062262531 21.330787659
-0.076851211 0.001215094 0.997041821 31.876764297 0.089042403 0.996011794 0.005649481 -0.879073858 -0.993058562 0.089213155 -0.076652922 21.222812653
-0.090046272 0.000221363 0.995937586 33.066322327 0.089236401 0.995979488 0.007846811 -0.876811385 -0.991931736 0.089580469 -0.089703999 21.097400665
-0.102306388 0.000318679 0.994752884 34.253501892 0.089057058 0.995987236 0.008840091 -0.876679540 -0.990758419 0.089494154 -0.101924241 20.968717575
-0.113434471 0.003266398 0.993540108 35.450092316 0.089273848 0.995983064 0.006918143 -0.871463716 -0.989526570 0.089481890 -0.113270417 20.823146820
-0.123607770 0.006870992 0.992307365 36.661075592 0.089846745 0.995946348 0.004295658 -0.864117205 -0.988255382 0.089686558 -0.123724028 20.660205841
-0.132944569 0.009435787 0.991078496 37.891117096 0.091266878 0.995822668 0.002761705 -0.860622823 -0.986912370 0.090819806 -0.133250356 20.488433838
-0.140094027 0.010569241 0.990081728 39.151660919 0.090831608 0.995863795 0.002221480 -0.854159951 -0.985963047 0.090241946 -0.140474588 20.292613983
-0.144994393 0.011401450 0.989366770 40.422370911 0.090861462 0.995861828 0.001839696 -0.848610461 -0.985251606 0.090162054 -0.145430326 20.084177017
-0.151447296 0.013169349 0.988377631 41.742248535 0.091837034 0.995773733 0.000804124 -0.845090628 -0.984189808 0.090891458 -0.152016655 19.903263092
-0.155898452 0.014862232 0.987661302 43.053466797 0.090872757 0.995862365 -0.000641730 -0.844517708 -0.983584166 0.089651480 -0.156603977 19.692276001
-0.159504369 0.015386325 0.987077296 44.399738312 0.091595426 0.995795965 -0.000721096 -0.850227356 -0.982938766 0.090296723 -0.160243139 19.455982208
-0.161691248 0.014476197 0.986735284 45.746646881 0.091441177 0.995810330 0.000374659 -0.847757220 -0.982595801 0.090288803 -0.162337556 19.219038010
-0.164740443 0.012817174 0.986253679 47.136806488 0.092432112 0.995715857 0.002499402 -0.844994783 -0.981996357 0.091573276 -0.165219381 18.997312546
-0.167130411 0.011827835 0.985863864 48.539901733 0.092295840 0.995724797 0.003700488 -0.836668849 -0.981605172 0.091609620 -0.167507544 18.754613876
-0.168848947 0.012739276 0.985559583 49.981910706 0.095476121 0.995425582 0.003490446 -0.833232582 -0.981006742 0.094686776 -0.169292822 18.486940384
-0.170253754 0.012816378 0.985316873 51.412822723 0.095132560 0.995458424 0.003489742 -0.821698308 -0.980797291 0.094329856 -0.170699760 18.241817474
-0.170345098 0.014370528 0.985279679 52.875938416 0.097410679 0.995241582 0.002325521 -0.807437539 -0.980557799 0.096372910 -0.170934349 17.962203979
-0.170020908 0.014506109 0.985333681 54.331802368 0.096997485 0.995282590 0.002084496 -0.802262247 -0.980655074 0.095929287 -0.170625880 17.692834854
-0.169813693 0.015911980 0.985347688 55.840824127 0.096991368 0.995284975 0.000642929 -0.804221988 -0.980691612 0.095679402 -0.170556352 17.429847717
-0.168666020 0.015919965 0.985544682 57.345462799 0.097836174 0.995202303 0.000667706 -0.798799634 -0.980805635 0.096534543 -0.169414371 17.156787872
-0.166843891 0.014843374 0.985871613 58.880870819 0.097311556 0.995252848 0.001483893 -0.799604595 -0.981169522 0.096184291 -0.167496264 16.877346039
-0.165645957 0.016116118 0.986053646 60.432628632 0.098544262 0.995132565 0.000289824 -0.792554379 -0.981249392 0.097217925 -0.166427836 16.604402542
-0.164773121 0.016553007 0.986192584 62.002094269 0.097846583 0.995201468 -0.000356009 -0.784009278 -0.981466115 0.096436903 -0.165602088 16.334125519
-0.163732633 0.017410295 0.986351073 63.572685242 0.099139839 0.995072961 -0.001107196 -0.781170368 -0.981510520 0.097605407 -0.164651945 16.056989670
-0.162483037 0.016984181 0.986565292 65.202079773 0.098782323 0.995108664 -0.000862236 -0.786141098 -0.981754184 0.097315103 -0.163366064 15.772160530
-0.161615670 0.015601343 0.986730456 66.822776794 0.100393586 0.994947493 0.000712111 -0.779177308 -0.981733918 0.099176496 -0.162365422 15.492053986
-0.161102965 0.013427089 0.986846209 68.433341980 0.102337994 0.994744599 0.003172158 -0.785388708 -0.981617451 0.101502910 -0.161630422 15.216166496
-0.159440830 0.015145819 0.987091303 70.062530518 0.104337268 0.994540632 0.001593055 -0.778103292 -0.981678367 0.103244409 -0.160150677 14.927267075
-0.159676343 0.016666550 0.987028718 71.722526550 0.106214322 0.994343162 0.000392746 -0.780243158 -0.981438696 0.104899310 -0.160543323 14.666695595
-0.158898726 0.016495787 0.987157047 73.391426086 0.105019249 0.994470119 0.000286542 -0.776802778 -0.981693506 0.103716031 -0.159752414 14.386347771
-0.158663943 0.016313849 0.987197816 75.072898865 0.105679095 0.994400084 0.000552040 -0.777347922 -0.981660604 0.104413785 -0.159499481 14.098648071
-0.158386663 0.015444355 0.987256289 76.776939392 0.105424210 0.994426429 0.001356804 -0.771796465 -0.981732845 0.104295626 -0.159132078 13.810304642
-0.158190504 0.015651481 0.987284541 78.477462769 0.106704943 0.994289815 0.001334577 -0.770663679 -0.981626093 0.105559275 -0.158957332 13.529061317
-0.158184707 0.015589424 0.987286448 80.223312378 0.107867986 0.994163990 0.001584771 -0.766078413 -0.981499910 0.106747270 -0.158943132 13.230552673
-0.158270568 0.016831465 0.987252235 81.970443726 0.108193539 0.994129717 0.000396240 -0.759827554 -0.981450260 0.106877044 -0.159162521 12.938710213
-0.158862844 0.017773625 0.987140656 83.737640381 0.107867062 0.994165123 -0.000540804 -0.759292483 -0.981390476 0.106394053 -0.159853086 12.641807556
-0.160076126 0.018391076 0.986933351 85.499916077 0.107174844 0.994239509 -0.001143946 -0.766579926 -0.981269181 0.105591320 -0.161125049 12.350716591
-0.161610469 0.019013604 0.986671448 87.264839172 0.106129318 0.994350672 -0.001778285 -0.767223179 -0.981131434 0.104427367 -0.162715375 12.071350098
-0.162084505 0.018169215 0.986609578 89.052169800 0.105629183 0.994405150 -0.000959549 -0.779323339 -0.981106997 0.104059264 -0.163096875 11.753170967
-0.165369630 0.018455597 0.986058950 90.857086182 0.106123075 0.994352698 -0.000813175 -0.788026392 -0.980505407 0.104509138 -0.166394308 11.464271545
-0.164690241 0.016459854 0.986207962 92.656494141 0.102912463 0.994690239 0.000584277 -0.792708516 -0.980961859 0.101589300 -0.165509701 11.180773735
-0.166359410 0.017419236 0.985911429 94.452934265 0.102527343 0.994730115 -0.000274933 -0.790898621 -0.980720520 0.101037107 -0.167268649 10.871186256
-0.168724999 0.018417817 0.985491037 96.309906006 0.101788446 0.994805396 -0.001164792 -0.788995922 -0.980393410 0.100115046 -0.169723257 10.533524513
-0.172853321 0.019445725 0.984755516 98.149612427 0.102295391 0.994752586 -0.001687309 -0.791090012 -0.979621053 0.100444309 -0.173935488 10.198642731
-0.177302510 0.018310651 0.983986080 100.008468628 0.100375995 0.994949460 -0.000428112 -0.798227429 -0.979024351 0.098692670 -0.178244948 9.850656509
-0.182372734 0.017762423 0.983068943 101.888565063 0.099042222 0.995083153 0.000394182 -0.801149905 -0.978228390 0.097437225 -0.183235273 9.493757248
-0.186364517 0.018230461 0.982311428 103.743469238 0.097576365 0.995228052 0.000042049 -0.809665859 -0.977623165 0.095858239 -0.187254041 9.132219315
-0.191341132 0.020147108 0.981316805 105.640182495 0.098461047 0.995140135 -0.001232581 -0.816670060 -0.976572573 0.096385635 -0.192394972 8.734561920
-0.195988804 0.021821601 0.980363309 107.526824951 0.098060802 0.995177150 -0.002547564 -0.824858427 -0.975690782 0.095635913 -0.197183400 8.343629837
-0.200682476 0.021609468 0.979417980 109.414276123 0.096485250 0.995331943 -0.002190787 -0.838929832 -0.974893451 0.094059728 -0.201830685 7.955356598
-0.205983564 0.021290367 0.978323817 111.319641113 0.094963841 0.995479345 -0.001669318 -0.848178566 -0.973936677 0.092561536 -0.207074195 7.537284851
-0.210132077 0.020818613 0.977451384 113.236236572 0.093548216 0.995614171 -0.001094507 -0.855691254 -0.973187149 0.091208823 -0.211158007 7.094865799
-0.216814369 0.019978104 0.976008356 115.144088745 0.091890216 0.995769083 0.000030259 -0.860348463 -0.971878588 0.089692183 -0.217732772 6.688329697
-0.221904144 0.020122878 0.974860787 117.075309753 0.092857160 0.995679200 0.000584141 -0.867462635 -0.970637023 0.090652429 -0.222813889 6.232046127
-0.227690622 0.021301905 0.973500431 118.990219116 0.093123704 0.995654523 -0.000006110 -0.874364734 -0.969270349 0.090654582 -0.228684902 5.778892517
-0.233284071 0.022421185 0.972150087 120.905380249 0.093044698 0.995661736 -0.000635772 -0.880490303 -0.967946947 0.090305105 -0.234358236 5.314102173
-0.239443973 0.022567362 0.970647812 122.846740723 0.093022950 0.995664060 -0.000201640 -0.875502765 -0.966443658 0.090244256 -0.240504995 4.838659286
-0.244883880 0.022363359 0.969294488 124.779975891 0.092080034 0.995751500 0.000289462 -0.882518291 -0.965170026 0.089323558 -0.245902747 4.340894699
-0.250279039 0.023248494 0.967894435 126.714828491 0.091358535 0.995818138 -0.000295637 -0.884544432 -0.963853717 0.088351436 -0.251356304 3.832672119
-0.255497336 0.023896707 0.966514528 128.661270142 0.090681948 0.995879710 -0.000651047 -0.890284061 -0.962547600 0.087479077 -0.256611615 3.313386917
-0.260024816 0.023226522 0.965322673 130.596572876 0.091493905 0.995805383 0.000685359 -0.892147660 -0.961257398 0.088499330 -0.261059254 2.783382416
-0.263876498 0.023488667 0.964270413 132.549438477 0.094099551 0.995561659 0.001499837 -0.895106196 -0.959955394 0.091133177 -0.264915615 2.233257294
-0.267313659 0.024273865 0.963303804 134.502349854 0.095192522 0.995458007 0.001331509 -0.894213974 -0.958896160 0.092055254 -0.268410206 1.672790527
-0.270284742 0.025231479 0.962449729 136.440109253 0.095801666 0.995400131 0.000808674 -0.897654474 -0.958002269 0.092422865 -0.271458656 1.105316162
-0.273779720 0.024850331 0.961471319 138.421401978 0.094913058 0.995484710 0.001297114 -0.906367123 -0.957097828 0.091611311 -0.274902076 0.541637421
-0.277989745 0.025155557 0.960254490 140.405303955 0.093278781 0.995639563 0.000921293 -0.913260758 -0.956044376 0.089827478 -0.279124051 -0.039146423
-0.282455653 0.025687950 0.958936334 142.368804932 0.092024237 0.995756686 0.000431535 -0.925174236 -0.954856217 0.088367283 -0.283620924 -0.628192902
-0.286867172 0.025305105 0.957636118 144.345672607 0.091026016 0.995848060 0.000952694 -0.931871235 -0.953635931 0.087443091 -0.287979513 -1.228954315
-0.291580319 0.025104754 0.956216872 146.320922852 0.091117702 0.995838761 0.001639636 -0.957895994 -0.952196658 0.087606370 -0.292654544 -1.841922760
-0.296234518 0.025437923 0.954776406 148.321899414 0.090397090 0.995904565 0.001513433 -0.963212311 -0.950827777 0.086757340 -0.297320813 -2.468212128
-0.300816596 0.025607150 0.953338146 150.316360474 0.090079151 0.995933354 0.001672333 -0.967892826 -0.949418306 0.086378977 -0.301899910 -3.104888916
-0.305087566 0.025030494 0.951995313 152.293182373 0.090067312 0.995932102 0.002678323 -0.973595738 -0.948055625 0.086560786 -0.306100935 -3.748809814
-0.309546322 0.025191322 0.950550616 154.297882080 0.090475492 0.995893896 0.003070296 -0.973243475 -0.946570396 0.086951949 -0.310554415 -4.404525757
-0.313536525 0.026068818 0.949218154 156.313735962 0.091653980 0.995786607 0.002926510 -0.976120770 -0.945142508 0.087917216 -0.314604759 -5.080547333
-0.317059487 0.027238177 0.948014438 158.321807861 0.091964595 0.995759964 0.002147190 -0.977923870 -0.943936348 0.087864548 -0.318220109 -5.765712738
-0.320725858 0.028755676 0.946735442 160.331039429 0.092073813 0.995751739 0.000947406 -0.985250413 -0.942686200 0.087473392 -0.322011054 -6.453094482
-0.324072540 0.030229812 0.945549130 162.355270386 0.092978977 0.995668054 0.000034978 -0.988838613 -0.941451967 0.087927513 -0.325479448 -7.151241302
-0.327406853 0.030695712 0.944384754 164.381851196 0.092288412 0.995732248 -0.000369391 -0.995507479 -0.940365672 0.087034844 -0.328842402 -7.862461090
-0.331137776 0.030599963 0.943086088 166.418594360 0.092445172 0.995717764 0.000151795 -1.006705880 -0.939043105 0.087234028 -0.332548529 -8.584842682
-0.335304856 0.030828707 0.941605151 168.443130493 0.092143312 0.995745659 0.000210866 -1.009951472 -0.937592804 0.086833328 -0.336719036 -9.305133820
-0.339337438 0.031871691 0.940124631 170.493255615 0.094294295 0.995544314 0.000284968 -1.016159534 -0.935926557 0.088745110 -0.340830803 -10.056510925
-0.342462361 0.032183379 0.938980162 172.543182373 0.096395768 0.995342553 0.001042026 -1.023678064 -0.934573293 0.090870574 -0.343969733 -10.820442200
-0.345100731 0.032076355 0.938017368 174.606857300 0.097596847 0.995224416 0.001873712 -1.025987625 -0.933477521 0.092194147 -0.346583188 -11.597579956
-0.347844720 0.031461187 0.937024117 176.649932861 0.096977830 0.995283127 0.002583105 -1.027498364 -0.932523072 0.091769062 -0.349255115 -12.372314453
-0.350551754 0.031980950 0.935997128 178.671859741 0.096272267 0.995352864 0.002047105 -1.034836054 -0.931582034 0.090828180 -0.352001667 -13.142074585
-0.353063464 0.034021851 0.934980571 180.721511841 0.095751703 0.995405257 -0.000063212 -1.038782597 -0.930686653 0.089503653 -0.354698837 -13.937561035
-0.356356353 0.036043104 0.933654666 182.801300049 0.095378332 0.995439172 -0.002024339 -1.044672966 -0.929469287 0.088329047 -0.358168781 -14.745216370
-0.359343559 0.036837600 0.932478011 184.869445801 0.094549410 0.995515943 -0.002891975 -1.062966108 -0.928403258 0.087126054 -0.361215174 -15.557167053
-0.363015383 0.037601639 0.931024134 186.967697144 0.092660986 0.995689332 -0.004083872 -1.072150946 -0.927164376 0.084787108 -0.364934742 -16.376995087
-0.366383165 0.038211405 0.929679096 189.044815063 0.093745910 0.995588243 -0.003975452 -1.086971998 -0.925729454 0.085697077 -0.368348986 -17.216949463
-0.370344311 0.037167899 0.928150654 191.155120850 0.093115009 0.995651603 -0.002716867 -1.104071140 -0.924215734 0.085418589 -0.372194797 -18.058433533
-0.373566061 0.036580455 0.926882029 193.232971191 0.093077011 0.995657444 -0.001781435 -1.116575003 -0.922922015 0.085605912 -0.375348598 -18.921165466
-0.377728939 0.036584355 0.925193191 195.335571289 0.092929319 0.995671690 -0.001430953 -1.123115659 -0.921240985 0.085437059 -0.379493803 -19.788501740
-0.381715029 0.036782205 0.923547864 197.422637939 0.091951787 0.995762110 -0.001653345 -1.133351564 -0.919694781 0.084290765 -0.383479595 -20.653686523
-0.385309815 0.037343502 0.922031343 199.516082764 0.091381423 0.995813668 -0.002144191 -1.151828527 -0.918251395 0.083430365 -0.387109309 -21.544189453
-0.388864517 0.037993859 0.920511186 201.637619019 0.090924427 0.995854139 -0.002693129 -1.164198399 -0.916797221 0.082649708 -0.390706956 -22.447605133
-0.391595572 0.038620211 0.919326603 203.699142456 0.092010207 0.995754540 -0.002638303 -1.185392976 -0.915525556 0.083554298 -0.393486470 -23.339286804
-0.394338310 0.038622051 0.918153346 205.785217285 0.093145318 0.995650768 -0.001876924 -1.199089766 -0.914232612 0.084781542 -0.396220744 -24.248191833
-0.397070616 0.038239345 0.916991115 207.896286011 0.094689794 0.995506644 -0.000511441 -1.218437433 -0.912890255 0.086626597 -0.398907363 -25.183868408
-0.399562389 0.039103746 0.915871620 209.999954224 0.095856331 0.995394945 -0.000680319 -1.229976535 -0.911680579 0.087520257 -0.401470780 -26.121032715
-0.402352959 0.040257685 0.914599061 212.115722656 0.096320398 0.995349467 -0.001438505 -1.246480107 -0.910403490 0.087515771 -0.404359311 -27.065563202
-0.404943943 0.040537838 0.913442433 214.220413208 0.095808372 0.995398343 -0.001701557 -1.263089776 -0.909308076 0.086826414 -0.406964391 -28.012710571
-0.407998264 0.041733447 0.912028372 216.322067261 0.095575988 0.995418310 -0.002793131 -1.285612583 -0.907966197 0.086028412 -0.410117626 -28.966270447
-0.410578042 0.043022018 0.910809934 218.424911499 0.095665440 0.995405912 -0.003893505 -1.304619789 -0.906793058 0.085534438 -0.412807584 -29.933975220
-0.413153946 0.042770788 0.909656227 220.524307251 0.093448542 0.995614529 -0.004369307 -1.328755975 -0.905853748 0.083200872 -0.415339023 -30.895530701
-0.416312426 0.043862835 0.908163011 222.622039795 0.094359919 0.995526433 -0.004826664 -1.350709319 -0.904312015 0.083684787 -0.418588907 -31.869525909
-0.418464243 0.043712389 0.907180667 224.699188232 0.096032508 0.995371580 -0.003663977 -1.370936990 -0.903141975 0.085585602 -0.420725167 -32.855358124
-0.421373159 0.042969637 0.905868769 226.787612915 0.096590191 0.995321572 -0.002282992 -1.392737865 -0.901728868 0.086536035 -0.423552275 -33.837406158
-0.424638391 0.042377695 0.904370725 228.860366821 0.095345490 0.995442450 -0.001876672 -1.412858605 -0.900328517 0.085430764 -0.426743567 -34.814678192
-0.427528799 0.042592730 0.902997792 230.915451050 0.094192155 0.995551229 -0.002362561 -1.434699297 -0.899081171 0.084045261 -0.429638654 -35.805328369
-0.431420743 0.041583888 0.901191950 233.021347046 0.092160791 0.995742440 -0.001827328 -1.453950644 -0.897431076 0.082266219 -0.433416367 -36.807117462
-0.435058385 0.040966261 0.899469793 235.110946655 0.091425195 0.995811284 -0.001133300 -1.472294927 -0.895748615 0.081741154 -0.436981380 -37.822513580
-0.438738525 0.041247003 0.897667646 237.188888550 0.090998381 0.995850325 -0.001282587 -1.492332697 -0.893995404 0.081123590 -0.440671265 -38.848018646
-0.442630917 0.041138805 0.895759642 239.268768311 0.090616949 0.995885372 -0.000959706 -1.509369254 -0.892113447 0.080746219 -0.444537550 -39.882778168
-0.446515232 0.040637560 0.893852711 241.335861206 0.089604311 0.995977283 -0.000519549 -1.526954412 -0.890278101 0.079861067 -0.448360354 -40.914199829
-0.450506449 0.040671602 0.891846299 243.384185791 0.088889435 0.996041477 -0.000521771 -1.540792227 -0.888337016 0.079040661 -0.452338338 -41.956558228
-0.454468131 0.041533235 0.889794111 245.470504761 0.089214854 0.996011972 -0.000924145 -1.562133789 -0.886284053 0.078962870 -0.456361055 -43.019332886
-0.457697958 0.042302333 0.888100863 247.481201172 0.089866750 0.995953143 -0.001125212 -1.579854250 -0.884554446 0.079295740 -0.459647298 -44.068748474
-0.461523086 0.042009864 0.886132956 249.517715454 0.089416273 0.995994091 -0.000647648 -1.596225023 -0.882610440 0.078935795 -0.463430643 -45.130378723
-0.465258390 0.042225245 0.884167194 251.575958252 0.088110186 0.996110022 -0.001206780 -1.615497828 -0.880778790 0.077342659 -0.467169017 -46.230087280
-0.468598366 0.042742424 0.882376671 253.605804443 0.088873304 0.996042490 -0.001050995 -1.626857042 -0.878929496 0.077927224 -0.470542550 -47.335166931
-0.472520322 0.043397062 0.880250692 255.655273438 0.089233011 0.996010065 -0.001203614 -1.634814978 -0.876790762 0.077978700 -0.474507451 -48.438682556
-0.476108015 0.044600815 0.878255010 257.711029053 0.090486892 0.995896399 -0.001521491 -1.651254177 -0.874718964 0.078746170 -0.478190154 -49.566131592
-0.479684412 0.046819318 0.876191080 259.772949219 0.092781112 0.995683551 -0.002409949 -1.666720390 -0.872521937 0.080137976 -0.481957883 -50.715644836
-0.482714087 0.047346823 0.874497175 261.821594238 0.093849599 0.995584130 -0.002098610 -1.687160492 -0.870734930 0.081058182 -0.485026062 -51.860855103
-0.485716403 0.049717963 0.872701347 263.870422363 0.095760405 0.995398521 -0.003411016 -1.698620081 -0.868855298 0.081913441 -0.488242447 -53.016098022
-0.488252759 0.052270047 0.871135533 265.918823242 0.097448610 0.995227516 -0.005097978 -1.716677070 -0.867244482 0.082401857 -0.491016209 -54.179183960
-0.491415501 0.052996568 0.869311333 267.988464355 0.098511890 0.995123446 -0.004978480 -1.734247088 -0.865335882 0.083191015 -0.494239867 -55.348342896
-0.494730979 0.053991087 0.867367327 270.069976807 0.098862059 0.995085597 -0.005552007 -1.754184604 -0.863404632 0.083002985 -0.497637331 -56.535629272
-0.498364180 0.053962883 0.865286708 272.154632568 0.097688839 0.995200098 -0.005800673 -1.764532804 -0.861446500 0.081638016 -0.501243591 -57.741661072
-0.501968861 0.055305164 0.863115609 274.229492188 0.098787881 0.995088458 -0.006308641 -1.785553455 -0.859225273 0.082098618 -0.504966974 -58.956321716
-0.505309761 0.055544764 0.861148536 276.307098389 0.097876608 0.995175600 -0.006757010 -1.802821159 -0.857369244 0.080871902 -0.508308530 -60.187263489
-0.507774889 0.055469606 0.859702051 278.370635986 0.096421130 0.995314062 -0.007269324 -1.819220185 -0.856076896 0.079202257 -0.510743916 -61.420074463
-0.510087371 0.056364164 0.858273923 280.443786621 0.098185383 0.995143533 -0.006999297 -1.836666942 -0.854500175 0.080699690 -0.513144374 -62.674751282
-0.512472808 0.056277230 0.856857359 282.544097900 0.099854648 0.994986057 -0.005627851 -1.864108920 -0.852877855 0.082677066 -0.515522897 -63.927192688
-0.514604867 0.056433316 0.855568409 284.629608154 0.100618899 0.994911969 -0.005104442 -1.876806617 -0.851503074 0.083459571 -0.517664850 -65.188438416
-0.516324282 0.056058239 0.854556441 286.706970215 0.100646615 0.994912207 -0.004454644 -1.897720456 -0.850458384 0.083708167 -0.519339442 -66.466362000
-0.518918574 0.055246677 0.853036523 288.828552246 0.099908903 0.994989872 -0.003663725 -1.906351924 -0.848965108 0.083324768 -0.521838367 -67.757026672
-0.521646023 0.055920988 0.851327300 290.959045410 0.101391882 0.994841337 -0.003220672 -1.909138203 -0.847115755 0.084637634 -0.524624944 -69.073768616
-0.524102509 0.055389334 0.849852085 293.078979492 0.101203956 0.994862735 -0.002428118 -1.920645952 -0.845620692 0.084735796 -0.527015686 -70.387268066
-0.526260793 0.055937216 0.848481357 295.196655273 0.100634925 0.994918346 -0.003173612 -1.937692642 -0.844347179 0.083716713 -0.529215753 -71.709251404
-0.528460324 0.058924641 0.846910477 297.302673340 0.100593001 0.994906664 -0.006452999 -1.943894029 -0.842977345 0.081783108 -0.531696260 -73.049713135
-0.531780779 0.057927471 0.844898582 299.433044434 0.098972820 0.995072484 -0.005929928 -1.968911409 -0.841078818 0.080468573 -0.534893692 -74.404579163
-0.535891473 0.056097541 0.842421055 301.534576416 0.096939147 0.995279610 -0.004610373 -1.988794804 -0.838703275 0.079192907 -0.538800061 -75.755874634
-0.541233897 0.053303976 0.839180887 303.671478271 0.094114669 0.995558262 -0.002537167 -2.003810406 -0.835588574 0.077606037 -0.543846488 -77.123153687
-0.545823097 0.051882107 0.836292565 305.809600830 0.092942320 0.995670855 -0.001108983 -2.015619040 -0.832729638 0.077121660 -0.548282206 -78.529739380
-0.550355315 0.052279692 0.833292186 307.969329834 0.093311884 0.995636523 -0.000836300 -2.015914917 -0.829699934 0.077295825 -0.552832186 -79.962547302
-0.554774523 0.053564630 0.830274761 310.137023926 0.095390171 0.995439827 -0.000482170 -2.025090218 -0.826514304 0.078932568 -0.557354093 -81.414604187
-0.558776021 0.054458417 0.827528596 312.299194336 0.096201047 0.995361626 -0.000544980 -2.031641483 -0.823720038 0.079304606 -0.561423242 -82.881347656
-0.562307715 0.054609053 0.825122952 314.426574707 0.097290114 0.995255947 0.000432658 -2.047627926 -0.821184933 0.080519594 -0.564953029 -84.353965759
-0.566634476 0.053070907 0.822258353 316.554901123 0.096984081 0.995282531 0.002595275 -2.054707527 -0.818241715 0.081216544 -0.569108367 -85.841316223
-0.570131242 0.051332384 0.819948375 318.667785645 0.095356986 0.995435178 0.003985545 -2.055811167 -0.816000879 0.080460086 -0.572423577 -87.340187073
-0.574277937 0.050916273 0.817075431 320.785156250 0.094775788 0.995488048 0.004578643 -2.064587593 -0.813155830 0.080068380 -0.576512575 -88.825668335
-0.578462124 0.051017720 0.814112246 322.901885986 0.095085107 0.995455682 0.005180190 -2.065521717 -0.810148358 0.080406494 -0.580684423 -90.330139160
-0.582569420 0.051177446 0.811168015 325.015899658 0.095926076 0.995369792 0.006093825 -2.060925961 -0.807100415 0.081362247 -0.584781408 -91.849189758
-0.587036908 0.050723471 0.807969689 327.139099121 0.096183494 0.995336115 0.007396749 -2.054245710 -0.803826094 0.082055509 -0.589177847 -93.391151428
-0.590474188 0.049532872 0.805535018 329.254608154 0.094625220 0.995479584 0.008149603 -2.051878691 -0.801490009 0.081036061 -0.592492104 -94.949043274
-0.593461692 0.048904136 0.803375125 331.371856689 0.094738819 0.995458007 0.009387703 -2.041894197 -0.799266994 0.081682034 -0.595399261 -96.541976929
-0.596160114 0.048421767 0.801404059 333.473663330 0.095502906 0.995369434 0.010902712 -2.037014484 -0.797165215 0.083036199 -0.598023951 -98.110038757
-0.599314094 0.047494784 0.799103796 335.585571289 0.092957594 0.995614171 0.010542189 -2.024774075 -0.795098424 0.080600835 -0.601100683 -99.702491760
-0.602764070 0.046308320 0.796574533 337.658264160 0.088935807 0.995993018 0.009395915 -2.012336969 -0.792947590 0.076507524 -0.604467273 -101.252677917
-0.606387734 0.045981642 0.793838561 339.734161377 0.085673571 0.996293128 0.007734816 -1.992904663 -0.790540338 0.072701283 -0.608079314 -102.820167542
-0.608284831 0.043091811 0.792548239 341.801788330 0.084029295 0.996409833 0.010316888 -2.001819372 -0.789258301 0.072872870 -0.609721959 -104.449409485
-0.612024486 0.042346254 0.789704144 343.891082764 0.084365830 0.996363103 0.011956001 -1.986929893 -0.786325932 0.073941424 -0.613371134 -106.050331116
-0.614868760 0.042313438 0.787493467 345.981201172 0.083318368 0.996456444 0.011512949 -1.972060442 -0.784215808 0.072691642 -0.616215467 -107.691734314
-0.618476510 0.041177124 0.784723699 348.062805176 0.081355095 0.996615052 0.011823857 -1.957262039 -0.781580687 0.071154043 -0.619732916 -109.315704346
-0.622059166 0.036795814 0.782105207 350.138183594 0.078379251 0.996804059 0.015443336 -1.946586132 -0.779037356 0.070907488 -0.622955084 -110.955101013
-0.625085831 0.035045262 0.779768884 352.213653564 0.076699346 0.996914625 0.016679987 -1.919394016 -0.776778579 0.070234194 -0.625845194 -112.616302490
-0.628380179 0.034181297 0.777155042 354.295196533 0.075209945 0.997023463 0.016960412 -1.890024662 -0.774262190 0.069107376 -0.629080534 -114.277610779
-0.631388783 0.033740368 0.774732053 356.360229492 0.074393123 0.997080684 0.017204823 -1.873041153 -0.771889687 0.068497688 -0.632055581 -115.955986023
-0.634363353 0.033215676 0.772321105 358.408691406 0.074267939 0.997073710 0.018119907 -1.847866535 -0.769459069 0.068853311 -0.634973884 -117.622642517
-0.637533009 0.032044422 0.769756198 360.453491211 0.073536314 0.997103870 0.019396013 -1.828176022 -0.766905546 0.068970628 -0.638043225 -119.306961060
-0.640648127 0.030512722 0.767228127 362.498779297 0.070373163 0.997337818 0.019098541 -1.801896572 -0.764602900 0.066227712 -0.641089916 -121.001274109
-0.643974483 0.026565855 0.764585614 364.543395996 0.060470570 0.998037636 0.016254276 -1.779032707 -0.762653410 0.056702271 -0.644317210 -122.697738647
-0.647981405 0.028594747 0.761119187 366.589782715 0.052778285 0.998578727 0.007417027 -1.768998623 -0.759825349 0.044976663 -0.648569643 -124.394508362
-0.650922120 0.038784601 0.758153021 368.605957031 0.062505037 0.998041153 0.002608038 -1.774451137 -0.756566823 0.049086016 -0.652071357 -126.120620728
-0.651701927 0.040570587 0.757389367 370.618560791 0.070142016 0.997512996 0.006921143 -1.777029037 -0.755224943 0.057635341 -0.652926862 -127.859519958
-0.654093027 0.031247096 0.755768478 372.636962891 0.068929881 0.997451484 0.018417137 -1.760202408 -0.753266871 0.064141549 -0.654579878 -129.606277466
-0.657743812 0.020290185 0.752968371 374.668060303 0.062601067 0.997651339 0.027800556 -1.716772079 -0.750635862 0.065422267 -0.657469213 -131.355224609
-0.661101818 0.014288277 0.750160098 376.657440186 0.056958839 0.997889161 0.031189967 -1.660719872 -0.748131096 0.063347988 -0.660520136 -133.089935303
-0.664432287 0.013621407 0.747224331 378.640472412 0.055515390 0.997971237 0.031171951 -1.602155685 -0.745283723 0.062194102 -0.663840413 -134.830230713
-0.667255878 0.018856816 0.744589806 380.601837158 0.060981035 0.997706413 0.029380461 -1.560300827 -0.742328048 0.065010145 -0.666875362 -136.583404541
-0.669074237 0.025584100 0.742754996 382.539062500 0.065692104 0.997531235 0.024815658 -1.511888504 -0.740286529 0.065396659 -0.669103146 -138.346160889
-0.672054529 0.028395031 0.739956975 384.500305176 0.066364489 0.997552991 0.021994542 -1.473331451 -0.737521768 0.063888416 -0.672294497 -140.126129150
-0.674945414 0.028799972 0.737305403 386.435974121 0.067193143 0.997485220 0.022547182 -1.440209389 -0.734801888 0.064759985 -0.675183177 -141.896331787
-0.677798331 0.028136794 0.734709263 388.356323242 0.067586102 0.997421026 0.024153110 -1.395191193 -0.732134938 0.066027075 -0.677951872 -143.665084839
-0.679752588 0.027885022 0.732911229 390.264526367 0.068546206 0.997318625 0.025629573 -1.349782944 -0.730231464 0.067660049 -0.679841220 -145.461273193
-0.682610154 0.027985532 0.730246663 392.238555908 0.068747200 0.997294128 0.026042903 -1.303501129 -0.727541864 0.067979552 -0.682687044 -147.264953613
-0.684052229 0.028101191 0.728891492 394.168792725 0.068901017 0.997279048 0.026214005 -1.258482933 -0.726171613 0.068153113 -0.684127092 -149.074279785
-0.685456634 0.028909566 0.727539301 396.093505859 0.070050083 0.997194767 0.026373586 -1.213684082 -0.724735916 0.069042139 -0.685558915 -150.900619507
-0.686561882 0.028244283 0.726522565 397.991821289 0.070950948 0.997078657 0.028286040 -1.161441803 -0.723601222 0.070967585 -0.686560154 -152.706604004
-0.687639236 0.027876191 0.725517094 399.907409668 0.072905518 0.996863246 0.030797273 -1.109753609 -0.722382903 0.074071616 -0.687514544 -154.526824951
-0.688900292 0.027455535 0.724335968 401.828643799 0.074426614 0.996680081 0.033006962 -1.052049637 -0.721024990 0.076648377 -0.688656628 -156.366699219
-0.690247238 0.027349167 0.723056555 403.735046387 0.072345637 0.996886611 0.031356271 -0.985583305 -0.719947934 0.073953584 -0.690076768 -158.189056396
-0.691862583 0.027676038 0.721498489 405.636322021 0.069394924 0.997187912 0.028293259 -0.934129715 -0.718686521 0.069643386 -0.691837728 -160.016693115
-0.693272948 0.026823651 0.720175683 407.518920898 0.066391766 0.997434616 0.026761208 -0.881158829 -0.717610478 0.066366553 -0.693275273 -161.827911377
-0.694025755 0.026317384 0.719469011 409.397644043 0.066106252 0.997439444 0.027283229 -0.830549240 -0.716908753 0.066496655 -0.693988502 -163.653961182
-0.694719970 0.024471717 0.718863904 411.290985107 0.063031115 0.997647703 0.026951997 -0.775041580 -0.716513276 0.064034879 -0.694628179 -165.494537354
-0.695661426 0.023282262 0.717992425 413.182525635 0.060204186 0.997848153 0.025974598 -0.727820396 -0.715842664 0.061295673 -0.695566118 -167.331634521
-0.696566820 0.022186821 0.717148840 415.051879883 0.059173986 0.997893155 0.026603343 -0.689373016 -0.715047657 0.060967572 -0.696412086 -169.139007568
-0.697235584 0.020543583 0.716547668 416.928741455 0.059015054 0.997841179 0.028816182 -0.636920929 -0.714408636 0.062378764 -0.696942747 -170.959655762
-0.697038174 0.020470593 0.716741741 418.820190430 0.062467109 0.997525454 0.032259900 -0.573966026 -0.714307785 0.067259155 -0.696592152 -172.814682007
-0.695906401 0.019475225 0.717868328 420.691284180 0.066954464 0.997037590 0.037857231 -0.505111694 -0.715004444 0.074409582 -0.695148706 -174.652984619
-0.694615841 0.018764388 0.719135880 422.565673828 0.070332050 0.996642053 0.041928627 -0.424898148 -0.715934515 0.079702601 -0.693603158 -176.480499268
-0.693449080 0.016123660 0.720325172 424.439636230 0.064655662 0.997108698 0.039924145 -0.342470169 -0.717598677 0.074258454 -0.692486644 -178.282028198
-0.692999244 0.014758576 0.720787346 426.314697266 0.057094246 0.997773767 0.034463074 -0.267836571 -0.718674004 0.065035693 -0.692299008 -180.063629150
-0.691555202 0.012296022 0.722218871 428.202575684 0.052303307 0.998082876 0.033089947 -0.206254005 -0.720427334 0.060657971 -0.690872610 -181.874481201
-0.689131320 0.012269341 0.724532604 430.083068848 0.050805945 0.998214185 0.031419616 -0.144533157 -0.722853243 0.058462817 -0.688524008 -183.663726807
-0.686544299 0.013210271 0.726967990 431.970611572 0.052925657 0.998090684 0.031845644 -0.076766014 -0.725159168 0.060338710 -0.685932517 -185.462493896
-0.683782101 0.013279528 0.729565442 433.857055664 0.053553980 0.998051226 0.032026734 -0.012238503 -0.727718353 0.060970444 -0.683160722 -187.256408691
-0.681136191 0.014152373 0.732019961 435.738464355 0.051332351 0.998275995 0.028464174 0.044400215 -0.730355024 0.056964301 -0.680688322 -189.022384644
-0.680607378 0.008530481 0.732598662 437.653198242 0.044295434 0.998582244 0.029524226 0.089156151 -0.731308103 0.052545182 -0.680020213 -190.776184082
-0.679380715 0.002060585 0.733783126 439.562438965 0.035635676 0.998908639 0.030188540 0.146958351 -0.732920289 0.046658371 -0.678712726 -192.547119141
-0.678668141 -0.002021995 0.734442294 441.481628418 0.027793750 0.999209166 0.028433995 0.201395988 -0.733918965 0.039710149 -0.678075254 -194.309051514
-0.677691698 -0.002425742 0.735342145 443.393432617 0.026339071 0.999272764 0.027570499 0.251000404 -0.734874249 0.038052525 -0.677134991 -196.069717407
-0.675895572 -0.002127129 0.736994326 445.279907227 0.028361510 0.999179959 0.028894117 0.305334091 -0.736451447 0.040431682 -0.675281048 -197.834426880
-0.673953354 -0.003232021 0.738766909 447.203979492 0.029772712 0.999059260 0.031531468 0.360393524 -0.738173604 0.043245833 -0.673223019 -199.605041504
-0.672463357 -0.006050938 0.740105689 449.100402832 0.027309567 0.999082685 0.032981869 0.423088074 -0.739626408 0.042391073 -0.671681285 -201.323394775
-0.671276093 -0.006371226 0.741180003 451.025329590 0.025169536 0.999190331 0.031384781 0.486220360 -0.740779936 0.039723016 -0.670572281 -203.057968140
-0.669925392 -0.005541710 0.742407739 452.938262939 0.024274161 0.999274015 0.029363330 0.542940140 -0.742031515 0.037692562 -0.669304490 -204.794799805
-0.668698728 -0.003824907 0.743523657 454.856292725 0.025150789 0.999298096 0.027760413 0.598672867 -0.743107975 0.037263554 -0.668133199 -206.534042358
