0.999999940 0.000000000 0.000000000 0.000000477 0.000000000 1.000000000 0.000000000 -0.000000238 0.000000000 0.000000000 0.999999940 -0.000000238
0.999995589 -0.002565148 -0.001443357 0.006876812 0.002569450 0.999992430 0.002986581 -0.011138560 0.001435685 -0.002990277 0.999994516 1.500692606
0.999991000 -0.002909474 -0.003076024 0.013484703 0.002921630 0.999987900 0.003954668 -0.026114056 0.003064481 -0.003963620 0.999987423 2.989689350
0.999987304 -0.001963071 -0.004625207 0.011889843 0.001979905 0.999991417 0.003637672 -0.033972226 0.004618027 -0.003646784 0.999982655 4.477598667
0.999981403 -0.001029509 -0.006002386 0.004689097 0.001050809 0.999993205 0.003546430 -0.046737872 0.005998694 -0.003552671 0.999975681 5.940094471
0.999970257 -0.001017578 -0.007631904 -0.004165281 0.001045604 0.999992788 0.003669069 -0.054570541 0.007628114 -0.003676941 0.999964118 7.423209667
0.999954760 -0.001612555 -0.009369076 -0.005360998 0.001651843 0.999989867 0.004187041 -0.068598077 0.009362229 -0.004202329 0.999947309 8.876734734
0.999934673 -0.003247407 -0.010949877 -0.021537922 0.003282510 0.999989569 0.003189291 -0.075104997 0.010939404 -0.003225028 0.999934971 10.348533630
0.999912560 -0.004541156 -0.012413319 -0.025286287 0.004585588 0.999983132 0.003553173 -0.089728855 0.012396976 -0.003609784 0.999916553 11.805846214
0.999899268 -0.004079962 -0.013590976 -0.043638915 0.004126969 0.999985635 0.003432403 -0.099220723 0.013576777 -0.003488147 0.999901652 13.272760391
0.999882460 -0.003951840 -0.014810015 -0.058959052 0.004003159 0.999986112 0.003437084 -0.106976427 0.014796229 -0.003495967 0.999884427 14.724865913
0.999876201 -0.002026617 -0.015594763 -0.079121083 0.002089939 0.999989688 0.004045293 -0.118663967 0.015586405 -0.004077384 0.999870241 16.179145813
0.999869704 -0.001188871 -0.016088754 -0.094571799 0.001265178 0.999988019 0.004733459 -0.129271016 0.016082931 -0.004753199 0.999859333 17.636629105
0.999859989 -0.000287413 -0.016721059 -0.119415343 0.000384586 0.999983132 0.005808419 -0.138961762 0.016719107 -0.005814039 0.999843299 19.077518463
0.999851823 -0.000880813 -0.017185580 -0.131872252 0.000979757 0.999982953 0.005749838 -0.149387360 0.017180221 -0.005765822 0.999835730 20.523050308
0.999838710 0.000241738 -0.017957080 -0.152942404 -0.000141519 0.999984503 0.005582098 -0.153269142 0.017958146 -0.005578656 0.999823213 21.963109970
0.999833286 0.000464741 -0.018248633 -0.158497185 -0.000352250 0.999980867 0.006167043 -0.157683164 0.018251149 -0.006159588 0.999814451 23.410726547
0.999834180 0.002131029 -0.018082134 -0.186266541 -0.001998103 0.999970853 0.007366095 -0.163781166 0.018097306 -0.007328744 0.999809384 24.837455750
0.999837577 0.001754085 -0.017934225 -0.204761833 -0.001642676 0.999979258 0.006224917 -0.173677251 0.017944770 -0.006194446 0.999819875 26.237792969
0.999836326 0.002222435 -0.017955566 -0.229325593 -0.002150553 0.999989629 0.004021642 -0.176289126 0.017964315 -0.003982369 0.999830723 27.641290665
0.999847412 0.000588850 -0.017457072 -0.250488579 -0.000523061 0.999992728 0.003772924 -0.189709648 0.017459171 -0.003763218 0.999840438 29.060415268
0.999846756 -0.000197964 -0.017499246 -0.267062485 0.000315562 0.999977410 0.006717664 -0.203312233 0.017497521 -0.006722158 0.999824226 30.455320358
0.999855638 -0.001748052 -0.016902607 -0.288603127 0.001880220 0.999967754 0.007806593 -0.208582580 0.016888410 -0.007837246 0.999826610 31.863410950
0.999851227 -0.002562835 -0.017060302 -0.305878431 0.002681586 0.999972343 0.006941407 -0.212345645 0.017042033 -0.006986122 0.999830306 33.243930817
0.999864042 -0.002664767 -0.016269712 -0.329522967 0.002753756 0.999981344 0.005449662 -0.227125123 0.016254885 -0.005493723 0.999852777 34.591789246
0.999874830 -0.001325317 -0.015762979 -0.354048908 0.001395690 0.999989092 0.004454308 -0.236062199 0.015756901 -0.004475750 0.999865830 35.937332153
0.999886453 -0.001325116 -0.015013587 -0.368059605 0.001382752 0.999991715 0.003829213 -0.251007259 0.015008391 -0.003849539 0.999879897 37.277008057
0.999906421 -0.000568326 -0.013672451 -0.383657813 0.000633761 0.999988317 0.004782101 -0.261080146 0.013669576 -0.004790318 0.999895036 38.580413818
0.999926269 -0.000357063 -0.012140437 -0.400220454 0.000441135 0.999975920 0.006923002 -0.274286419 0.012137674 -0.006927847 0.999902308 39.900798798
0.999944210 -0.000894688 -0.010521716 -0.405506879 0.000981734 0.999965310 0.008270765 -0.290115803 0.010513950 -0.008280636 0.999910414 41.153381348
0.999964952 -0.000318848 -0.008376796 -0.412040710 0.000392376 0.999961376 0.008777365 -0.296559036 0.008373674 -0.008780343 0.999926388 42.415939331
0.999987602 -0.000707286 -0.004923295 -0.412157118 0.000747081 0.999967039 0.008085856 -0.302263141 0.004917413 -0.008089435 0.999955177 43.654335022
0.999998391 -0.001527641 -0.000890267 -0.424037814 0.001533498 0.999976933 0.006615307 -0.320555627 0.000880141 -0.006616661 0.999977708 44.860153198
0.999995530 -0.001329621 0.002657295 -0.415951580 0.001316921 0.999987721 0.004775225 -0.330155790 -0.002663611 -0.004771703 0.999985039 46.063423157
0.999976277 -0.001183075 0.006785553 -0.407475412 0.001146419 0.999984741 0.005403421 -0.339759409 -0.006791842 -0.005395515 0.999962389 47.273647308
0.999924302 -0.000632644 0.012282597 -0.395818233 0.000566317 0.999985218 0.005402893 -0.351492167 -0.012285832 -0.005395530 0.999909997 48.453624725
0.999821901 0.000614236 0.018868016 -0.371506989 -0.000694882 0.999990702 0.004267983 -0.358154178 -0.018865220 -0.004280334 0.999812901 49.650848389
0.999648333 0.002093570 0.026436443 -0.346599817 -0.002206459 0.999988616 0.004241744 -0.367670238 -0.026427260 -0.004298583 0.999641418 50.815433502
0.999393940 0.002915113 0.034685642 -0.291695476 -0.003094319 0.999982059 0.005114038 -0.374202818 -0.034670111 -0.005218265 0.999385178 52.002628326
0.998959780 0.005529380 0.045263328 -0.239609241 -0.005790181 0.999967277 0.005632777 -0.380809039 -0.045230702 -0.005888999 0.998959303 53.158538818
0.998257756 0.007680380 0.058501992 -0.184482813 -0.008039525 0.999950230 0.005906118 -0.393404424 -0.058453724 -0.006366157 0.998269737 54.280429840
0.997247577 0.009801026 0.073492706 -0.105564117 -0.010280454 0.999928236 0.006148009 -0.399113268 -0.073427185 -0.006886625 0.997276783 55.396457672
0.995890677 0.011963313 0.089768477 -0.004951477 -0.012710720 0.999889135 0.007758873 -0.412189752 -0.089665711 -0.008868011 0.995932341 56.511337280
0.994094849 0.012163961 0.107829578 0.110711098 -0.013171701 0.999876022 0.008638334 -0.419284731 -0.107711121 -0.010007624 0.994131744 57.600948334
0.991789222 0.011889863 0.127328798 0.246178627 -0.012968641 0.999886692 0.007646669 -0.425013125 -0.127223432 -0.009235165 0.991831005 58.708740234
0.988987565 0.011273365 0.147568762 0.422021866 -0.012376456 0.999901950 0.006558984 -0.422398210 -0.147480339 -0.008313130 0.989030004 59.796951294
0.985571146 0.008175293 0.169063956 0.595829010 -0.009395002 0.999935329 0.006415796 -0.434702545 -0.169000596 -0.007911582 0.985584140 60.839916229
0.981600165 0.003477085 0.190915793 0.803957939 -0.005223006 0.999949098 0.008642540 -0.440147340 -0.190876037 -0.009480675 0.981568336 61.862487793
0.976684570 -0.002104830 0.214668661 1.037190437 -0.000050218 0.999949634 0.010033008 -0.446974754 -0.214678943 -0.009809864 0.976635516 62.911022186
0.971138895 -0.007204584 0.238405719 1.307097435 0.005141298 0.999943733 0.009275217 -0.448748291 -0.238459110 -0.007781809 0.971121371 63.916717529
0.964387298 -0.013166839 0.264165848 1.581895828 0.011580074 0.999904275 0.007563060 -0.458091527 -0.264240235 -0.004234661 0.964447558 64.898422241
0.956681132 -0.016970174 0.290642798 1.893829346 0.015334116 0.999851167 0.007905900 -0.455380976 -0.290733814 -0.003106676 0.956798911 65.862876892
0.947785676 -0.019086465 0.318336189 2.215751648 0.016553218 0.999806106 0.010661237 -0.465615749 -0.318477899 -0.004835079 0.947917879 66.820808411
0.937844455 -0.023399973 0.346265912 2.568510056 0.020028146 0.999710739 0.013313235 -0.463757277 -0.346477211 -0.005550681 0.938041925 67.752525330
0.926523507 -0.026135944 0.375327915 2.948673248 0.022908607 0.999652267 0.013059229 -0.466164768 -0.375538707 -0.003501445 0.926800013 68.664352417
0.913956463 -0.025122158 0.405033916 3.341373444 0.023330877 0.999684036 0.009359253 -0.467669487 -0.405141026 0.000895846 0.914253771 69.545013428
0.900599599 -0.026390102 0.433847755 3.779241562 0.027436806 0.999616086 0.003850184 -0.470824391 -0.433782816 0.008435923 0.900977910 70.412155151
0.885978937 -0.028239781 0.462864816 4.231058121 0.031178709 0.999513030 0.001301356 -0.474994987 -0.462676108 0.013278554 0.886427999 71.247085571
0.869927287 -0.028847549 0.492335439 4.717266083 0.030479487 0.999524355 0.004709970 -0.481306106 -0.492237121 0.010908801 0.870392740 72.083976746
0.851750731 -0.027839333 0.523206949 5.218318939 0.026335588 0.999599993 0.010314921 -0.483997405 -0.523284853 0.004993223 0.852143109 72.889366150
0.831345797 -0.028037779 0.555047512 5.744241714 0.024354301 0.999605238 0.014016561 -0.486999452 -0.555221379 0.001865184 0.831700444 73.680686951
0.810001731 -0.021592680 0.586029768 6.311073303 0.019961102 0.999758005 0.009246849 -0.490214646 -0.586087644 0.004207838 0.810236692 74.443634033
0.787450850 -0.014408471 0.616208971 6.887081146 0.016961172 0.999854684 0.001704438 -0.486866117 -0.616144001 0.009109465 0.787580788 75.169067383
0.764322996 -0.012177286 0.644718528 7.478618622 0.016196763 0.999868810 -0.000316205 -0.492294908 -0.644630134 0.010684035 0.764419913 75.868774414
0.740241528 -0.014482084 0.672185063 8.123569489 0.017082417 0.999850392 0.002729610 -0.494903386 -0.672123969 0.009461972 0.740378141 76.573242188
0.715143144 -0.014897911 0.698819160 8.764549255 0.017398847 0.999842525 0.003510059 -0.505309343 -0.698761404 0.009648454 0.715289712 77.217788696
0.689102232 -0.012626518 0.724554121 9.428447723 0.017858651 0.999840498 0.000438988 -0.512104988 -0.724444032 0.012637054 0.689217687 77.839691162
0.662490785 -0.010422515 0.748997509 10.116741180 0.017810538 0.999839783 -0.001840422 -0.519609928 -0.748858273 0.014559311 0.662570179 78.423065186
0.634833813 -0.007983303 0.772607505 10.805217743 0.016214054 0.999864101 -0.002991183 -0.524508476 -0.772478580 0.014426004 0.634876847 78.978256226
0.606015861 -0.006260850 0.795428038 11.546356201 0.016045813 0.999861777 -0.004354927 -0.538016796 -0.795290649 0.015402443 0.606032372 79.539779663
0.576414406 0.000344455 0.817157507 12.283740997 0.014285102 0.999842823 -0.010498024 -0.553535640 -0.817032635 0.017724389 0.576318800 80.054855347
0.545914352 0.009897569 0.837782562 13.043956757 0.013206548 0.999704301 -0.020416141 -0.567093611 -0.837736845 0.022209678 0.545622110 80.536109924
0.514659464 0.018658174 0.857191563 13.844028473 0.012129859 0.999504745 -0.029038638 -0.584334910 -0.857309043 0.025342623 0.514178097 81.006294250
0.482165396 0.023718644 0.875759065 14.640909195 0.009490130 0.999433398 -0.032293156 -0.610129595 -0.876028836 0.023881702 0.481667101 81.441558838
0.449316025 0.023259711 0.893069983 15.469058990 0.007576806 0.999525905 -0.029844314 -0.636655092 -0.893340826 0.020176146 0.448926687 81.845802307
0.415241212 0.021822007 0.909449518 16.323516846 0.002915671 0.999675214 -0.025318203 -0.668578863 -0.909706593 0.013164818 0.415042758 82.238128662
0.380264342 0.022842132 0.924595654 17.179794312 -0.001168064 0.999706089 -0.024217336 -0.697820425 -0.924877107 0.008129002 0.380179197 82.587631226
0.343916923 0.026062507 0.938638151 18.049255371 -0.008727613 0.999660373 -0.024559069 -0.720996201 -0.938959539 0.000254207 0.344027579 82.923385620
0.307847410 0.027420638 0.951040447 18.958295822 -0.013112870 0.999612093 -0.024576481 -0.754336119 -0.951345384 -0.004905066 0.308087409 83.211845398
0.271054953 0.026761482 0.962191761 19.864955902 -0.015585722 0.999604404 -0.023411451 -0.777244568 -0.962437630 -0.008650664 0.271364808 83.469642639
0.234229624 0.026284287 0.971825957 20.802852631 -0.016614418 0.999596655 -0.023030974 -0.806316078 -0.972039342 -0.010751790 0.234571844 83.690422058
0.197505370 0.025818773 0.979961634 21.738464355 -0.015400755 0.999611557 -0.023232544 -0.830942035 -0.980180800 -0.010503596 0.197826236 83.873458862
0.161510155 0.024646742 0.986563206 22.693119049 -0.013428262 0.999650419 -0.022775354 -0.853637159 -0.986779690 -0.009569377 0.161784619 84.018783569
0.126666576 0.024027271 0.991654217 23.650087357 -0.005337145 0.999708652 -0.023540696 -0.883598328 -0.991930962 -0.002310784 0.126757875 84.118133545
0.092041388 0.027107589 0.995386064 24.625583649 -0.002858110 0.999632418 -0.026958939 -0.918722391 -0.995751023 -0.000363585 0.092085034 84.203933716
0.058867361 0.032083184 0.997750044 25.586711884 -0.001864525 0.999485135 -0.032028969 -0.948251247 -0.998263955 0.000025131 0.058896881 84.251724243
0.029219463 0.036356010 0.998911560 26.552513123 0.005373378 0.999318123 -0.036527984 -0.981152058 -0.999558628 0.006434858 0.029004186 84.266265869
0.003954132 0.034945376 0.999381483 27.554122925 0.007311841 0.999361515 -0.034973610 -1.011903286 -0.999965429 0.007445606 0.003696092 84.245445251
-0.018525418 0.031921312 0.999318659 28.539215088 0.008725754 0.999457300 -0.031763986 -1.046993494 -0.999790251 0.008131365 -0.018793901 84.216316223
-0.037889842 0.029173175 0.998855948 29.509460449 0.008945037 0.999543667 -0.028853945 -1.085298061 -0.999241889 0.007841530 -0.038133506 84.174171448
-0.054466043 0.032660410 0.997981369 30.510578156 0.011727221 0.999416888 -0.032067362 -1.120901585 -0.998446882 0.009956966 -0.054817300 84.108802795
-0.068847984 0.037232533 0.996932149 31.495599747 0.014336460 0.999237001 -0.036328539 -1.152819991 -0.997524142 0.011791333 -0.069329247 84.024467468
-0.081602320 0.042174973 0.995772183 32.459007263 0.018707575 0.998993099 -0.040778331 -1.198246241 -0.996489406 0.015300878 -0.082309142 83.941894531
-0.090412520 0.046140336 0.994834960 33.428737640 0.023676218 0.998743534 -0.044169880 -1.242221355 -0.995622933 0.019560413 -0.091391340 83.838287354
-0.096494071 0.051750235 0.993987322 34.409553528 0.027269393 0.998410106 -0.049333252 -1.289261818 -0.994959891 0.022345059 -0.097751856 83.732215881
-0.099891432 0.056671023 0.993383110 35.384105682 0.029354427 0.998109877 -0.053988896 -1.342838645 -0.994565189 0.023767162 -0.101366185 83.618148804
-0.102724135 0.060636569 0.992859960 36.372146606 0.031796850 0.997830331 -0.057650335 -1.403531551 -0.994201541 0.025647739 -0.104429327 83.506759644
-0.105158202 0.063571930 0.992421448 37.355861664 0.032660328 0.997637033 -0.060445301 -1.468073010 -0.993919075 0.026056493 -0.106986023 83.388122559
-0.108057402 0.067404412 0.991856933 38.338264465 0.033150408 0.997388244 -0.064168751 -1.526731491 -0.993591726 0.025946565 -0.110009678 83.279518127
-0.109968856 0.071483262 0.991361141 39.320022583 0.034542698 0.997082651 -0.068064101 -1.590351820 -0.993334591 0.026759358 -0.112117276 83.159706116
-0.112411045 0.073028810 0.990974486 40.315689087 0.037463412 0.996897995 -0.069215670 -1.658384323 -0.992955267 0.029344687 -0.114798255 83.041687012
-0.114253812 0.071380317 0.990883887 41.309986115 0.036966391 0.997030079 -0.067560665 -1.737429619 -0.992763579 0.028910339 -0.116553172 82.911224365
-0.116758659 0.071112089 0.990611136 42.302425385 0.036240231 0.997074127 -0.067304559 -1.807890415 -0.992498875 0.028041586 -0.118994154 82.789825439
-0.118829206 0.072257593 0.990281940 43.304901123 0.037024301 0.996977389 -0.068303399 -1.884003162 -0.992224097 0.028548062 -0.121145330 82.659477234
-0.121209353 0.074409395 0.989834070 44.305198669 0.036052126 0.996858537 -0.070522726 -1.954874277 -0.991971970 0.027137609 -0.123511188 82.531517029
-0.124222711 0.076488085 0.989301920 45.301395416 0.034392290 0.996757388 -0.072745986 -2.034159899 -0.991658151 0.024987649 -0.126450494 82.410568237
-0.126672775 0.079902671 0.988721192 46.309165955 0.031852420 0.996564150 -0.076455630 -2.114209652 -0.991433024 0.021808311 -0.128782630 82.276542664
-0.128884181 0.084037483 0.988092363 47.322311401 0.028625824 0.996302783 -0.081001930 -2.195189238 -0.991246343 0.017845087 -0.130813286 82.138381958
-0.131527975 0.086556099 0.987526476 48.341255188 0.026481127 0.996132135 -0.083783403 -2.276260376 -0.990958571 0.015130951 -0.133311331 81.999282837
-0.134895891 0.085056409 0.987202346 49.365406036 0.023700748 0.996300757 -0.082601756 -2.360442877 -0.990576208 0.012254793 -0.136412770 81.865280151
-0.136942148 0.080728829 0.987283945 50.423324585 0.021558188 0.996680498 -0.078506917 -2.446143150 -0.990344346 0.010533148 -0.138227969 81.690147400
-0.139537096 0.079341352 0.987033010 51.454017639 0.021930724 0.996788025 -0.077025130 -2.527597427 -0.989973903 0.010898488 -0.140828922 81.543922424
-0.141999677 0.079345472 0.986681521 52.462371826 0.020755064 0.996801794 -0.077172294 -2.617090702 -0.989648938 0.009520198 -0.143192351 81.406494141
-0.143058687 0.082347870 0.986282468 53.495540619 0.021774175 0.996553302 -0.080047086 -2.699501038 -0.989474714 0.010024052 -0.144358620 81.246398926
-0.143402621 0.085356802 0.985976636 54.541732788 0.022487499 0.996297598 -0.082979649 -2.782604933 -0.989408851 0.010272642 -0.144791141 81.080856323
-0.143880516 0.085913137 0.985858679 55.575592041 0.021082068 0.996264338 -0.083743133 -2.870995522 -0.989370465 0.008734931 -0.145154253 80.921989441
-0.143825486 0.084365271 0.986000359 56.618705750 0.018370192 0.996415317 -0.082576811 -2.962693691 -0.989432514 0.006236366 -0.144859731 80.768371582
-0.144424871 0.083748773 0.985965312 57.657432556 0.013870915 0.996485353 -0.082610540 -3.047272682 -0.989418626 0.001745224 -0.145078927 80.624198914
-0.143758327 0.084750444 0.985977113 58.698444366 0.010854707 0.996401250 -0.084063813 -3.142524958 -0.989553213 -0.001382378 -0.144160926 80.461471558
-0.143883690 0.084662400 0.985966384 59.747894287 0.006966974 0.996395588 -0.084541224 -3.236045122 -0.989570022 -0.005294899 -0.143954903 80.309326172
-0.144185469 0.083490625 0.986022294 60.813659668 0.003607922 0.996472120 -0.083847873 -3.335575104 -0.989544153 -0.008532153 -0.143978015 80.147651672
-0.144552156 0.078737020 0.986359537 61.885154724 0.003762370 0.996865511 -0.079024322 -3.419096947 -0.989490032 -0.007712087 -0.144395292 79.991226196
-0.144572794 0.070296966 0.986994028 62.958946228 0.006983100 0.997520804 -0.070023879 -3.501835346 -0.989469528 -0.003231268 -0.144705296 79.826530457
-0.144566834 0.064750135 0.987374306 64.030929565 0.012990898 0.997894824 -0.063538000 -3.586476803 -0.989409745 0.003641391 -0.145103663 79.661247253
-0.143680632 0.067641690 0.987309635 65.109649658 0.021073425 0.997644186 -0.065282971 -3.654437065 -0.989399612 0.011426096 -0.144767612 79.478958130
-0.142541677 0.073493853 0.987056434 66.172149658 0.026567331 0.997164249 -0.070409849 -3.727008343 -0.989432156 0.016187118 -0.144090012 79.314468384
-0.141788021 0.079489708 0.986700237 67.253288269 0.030315472 0.996651769 -0.075935118 -3.806922197 -0.989432752 0.019145591 -0.143723056 79.147827148
-0.141491115 0.083939038 0.986374557 68.317001343 0.030578241 0.996293783 -0.080396861 -3.888895512 -0.989467084 0.018786147 -0.143533424 78.994506836
-0.141428694 0.080989145 0.986629963 69.413200378 0.027253011 0.996588588 -0.077900030 -3.973552227 -0.989573181 0.015871335 -0.143153429 78.838684082
-0.140684262 0.076457798 0.987097919 70.510665894 0.026728734 0.996943593 -0.073410966 -4.060503960 -0.989693582 0.016056107 -0.142297924 78.670364380
-0.140495628 0.074388668 0.987282693 71.627792358 0.024816399 0.997124732 -0.071598731 -4.143683434 -0.989770234 0.014441498 -0.141937718 78.501594543
-0.140490770 0.075277880 0.987216055 72.731750488 0.022762617 0.997087419 -0.072791256 -4.222039700 -0.989820242 0.012245127 -0.141795099 78.343147278
-0.140386626 0.080079392 0.986852944 73.829338074 0.024271442 0.996702671 -0.077425890 -4.316952705 -0.989799201 0.013082786 -0.141867369 78.188949585
-0.138964981 0.083030716 0.986810207 74.957092285 0.023706108 0.996472239 -0.080505311 -4.395307541 -0.990013540 0.012206009 -0.140443087 78.000305176
-0.138057739 0.082094379 0.987015903 76.083145142 0.023879936 0.996545076 -0.079546772 -4.481694698 -0.990136266 0.012587829 -0.139541194 77.829360962
-0.138111070 0.074860193 0.987583399 77.207107544 0.025500616 0.997077584 -0.072013631 -4.577338219 -0.990088403 0.015238105 -0.139616460 77.671485901
-0.138694674 0.073405735 0.987610817 78.346824646 0.024713397 0.997195244 -0.070647478 -4.660580635 -0.990026772 0.014608792 -0.140119776 77.505851746
-0.138412192 0.076042414 0.987450957 79.475639343 0.021896565 0.997039199 -0.073711514 -4.748512268 -0.990132689 0.011419214 -0.139667451 77.352218628
-0.138416827 0.079413600 0.987185001 80.616600037 0.021621181 0.996784747 -0.077154286 -4.826452255 -0.990138173 0.010664659 -0.139688760 77.187881470
-0.138290450 0.079103820 0.987227619 81.765396118 0.020435093 0.996820867 -0.077009976 -4.912633896 -0.990180969 0.009524349 -0.139467314 77.022979736
-0.137012690 0.075535282 0.987685204 82.935058594 0.020644074 0.997089624 -0.073390745 -5.001263142 -0.990354121 0.010334389 -0.138173297 76.838088989
-0.137102693 0.074264556 0.987769067 84.089149475 0.019708687 0.997192740 -0.072237507 -5.092176914 -0.990360677 0.009563675 -0.138181448 76.680221558
-0.136224344 0.074629709 0.987863004 85.249588013 0.021155452 0.997150302 -0.072414033 -5.181478500 -0.990451992 0.011034134 -0.137414962 76.517868042
-0.134438574 0.075380713 0.988050640 86.426124573 0.023545926 0.997063994 -0.072864585 -5.264050007 -0.990642130 0.013468756 -0.135818750 76.331161499
-0.133489028 0.074759528 0.988226593 87.598686218 0.023466777 0.997109592 -0.072261669 -5.353322029 -0.990772426 0.013544356 -0.134857565 76.162879944
-0.132030845 0.075799502 0.988343120 88.770645142 0.024501896 0.997016907 -0.073191561 -5.437850952 -0.990942776 0.014552739 -0.133494198 75.997604370
-0.130912617 0.073947661 0.988632143 89.939735413 0.024396468 0.997152567 -0.071354434 -5.527541161 -0.991093814 0.014777936 -0.132343918 75.835868835
-0.129907906 0.072452344 0.988875329 91.126861572 0.022737402 0.997282147 -0.070081286 -5.621664047 -0.991265237 0.013380341 -0.131202176 75.673095703
-0.128643855 0.071986265 0.989074588 92.317085266 0.023688531 0.997300386 -0.069503903 -5.704597473 -0.991407871 0.014488472 -0.130001828 75.514511108
-0.126703501 0.072543286 0.989284396 93.523124695 0.021445844 0.997289479 -0.070383586 -5.795721054 -0.991708636 0.012298189 -0.127915815 75.346923828
-0.125607133 0.075209908 0.989225090 94.708465576 0.021449678 0.997095048 -0.073084675 -5.882724762 -0.991848052 0.012038602 -0.126855463 75.192550659
-0.124458134 0.073981360 0.989462852 95.906440735 0.019221274 0.997209072 -0.072142825 -5.969201565 -0.992038608 0.010039974 -0.125532791 75.038131714
-0.123791806 0.072316498 0.989669561 97.122856140 0.015996918 0.997356892 -0.070877254 -6.065460205 -0.992179215 0.007057637 -0.124621451 74.883361816
-0.123886243 0.073189072 0.989593625 98.337829590 0.013144702 0.997309744 -0.072114199 -6.152517319 -0.992209375 0.004073957 -0.124515034 74.729873657
-0.123734757 0.072819583 0.989639819 99.533599854 0.010428117 0.997344136 -0.072082639 -6.239685535 -0.992260635 0.001400949 -0.124165535 74.567649841
-0.124979995 0.069977917 0.989688396 100.753822327 0.007379339 0.997547507 -0.069601737 -6.331171989 -0.992131829 -0.001395578 -0.125189900 74.412384033
-0.126187071 0.068377607 0.989647031 101.984138489 0.005401714 0.997654200 -0.068242103 -6.423573494 -0.991991699 -0.003265478 -0.126260400 74.250320435
-0.128053457 0.067792095 0.989447534 103.220527649 0.003221599 0.997684240 -0.067939498 -6.508522034 -0.991761982 -0.005512283 -0.127975300 74.097122192
-0.129368469 0.067448333 0.989299953 104.447738647 0.003546450 0.997709036 -0.067557864 -6.605525017 -0.991590202 -0.005231353 -0.129311323 73.925621033
-0.131756604 0.066015601 0.989081442 105.682228088 0.003063489 0.997802377 -0.066189572 -6.691833973 -0.991277218 -0.005690874 -0.131669313 73.758331299
-0.135257840 0.061260611 0.988914728 106.920509338 0.000091156 0.998087585 -0.061816379 -6.774969101 -0.990810394 -0.008270998 -0.135004714 73.596321106
-0.139617100 0.061319984 0.988305032 108.151931763 -0.000883353 0.998072684 -0.062050808 -6.853783607 -0.990205169 -0.009536373 -0.139293820 73.418853760
-0.145044550 0.067114428 0.987146139 109.362792969 -0.005349297 0.997628987 -0.068613134 -6.940048695 -0.989410639 -0.015232502 -0.144341648 73.234039307
-0.152639613 0.070432693 0.985768914 110.561065674 -0.004638485 0.997395098 -0.071981624 -7.025096416 -0.988270998 -0.015559723 -0.151915297 73.055114746
-0.161306024 0.066056259 0.984691262 111.781349182 -0.002867968 0.997721970 -0.067400232 -7.120805740 -0.986900270 -0.013696124 -0.160749093 72.841690063
-0.172089651 0.064041249 0.982997298 112.985328674 -0.000736446 0.997875988 -0.065139517 -7.208738327 -0.985081017 -0.011933757 -0.171676934 72.625427246
-0.185302377 0.064974457 0.980531156 114.187316895 -0.000320717 0.997807682 -0.066179886 -7.297460556 -0.982681513 -0.012577765 -0.184875280 72.396903992
-0.199209899 0.065264598 0.977781057 115.379562378 0.001659543 0.997800887 -0.066262752 -7.383670807 -0.979955435 -0.011577529 -0.198880151 72.144180298
-0.213958144 0.063059099 0.974805295 116.565620422 0.001946863 0.997939765 -0.064128332 -7.471115112 -0.976840794 -0.011822969 -0.213640124 71.881126404
-0.229347438 0.065862812 0.971113563 117.739852905 0.006173159 0.997786343 -0.066213898 -7.557930470 -0.973325014 -0.009191149 -0.229246318 71.595405579
-0.244970828 0.069072723 0.967066824 118.890182495 0.006587228 0.997554541 -0.069581680 -7.647607327 -0.969508052 -0.010675195 -0.244826734 71.304222107
-0.260145664 0.073029116 0.962803781 120.028991699 0.006245048 0.997242153 -0.073953897 -7.734586239 -0.965549171 -0.013226032 -0.259884298 70.989921570
-0.276040584 0.070623316 0.958547890 121.182617188 0.003068318 0.997356415 -0.072599031 -7.830396175 -0.961140990 -0.017099150 -0.275527686 70.657302856
-0.292445123 0.064938076 0.954074860 122.316719055 -0.002617462 0.997633576 -0.068705149 -7.917086601 -0.956278682 -0.022589743 -0.291583180 70.324356079
-0.308365762 0.060487047 0.949342787 123.475158691 -0.006337365 0.997823596 -0.065634474 -8.005545616 -0.951246738 -0.026255766 -0.307311326 69.959220886
-0.323903054 0.061966952 0.944058716 124.593032837 -0.008356090 0.997626424 -0.068350017 -8.088956833 -0.946053386 -0.030027421 -0.322616488 69.585395813
-0.338006943 0.063887134 0.938972771 125.712791443 -0.008283096 0.997452796 -0.070847802 -8.176518440 -0.941107154 -0.031724647 -0.336616814 69.175994873
-0.351897061 0.066238597 0.933692038 126.822731018 -0.006918740 0.997281671 -0.073357418 -8.266111374 -0.936013103 -0.032274228 -0.350482285 68.757514954
-0.366514623 0.065533720 0.928101420 127.924095154 -0.004739153 0.997371912 -0.072296493 -8.368235588 -0.930400193 -0.030896137 -0.365240842 68.328811646
-0.380538285 0.063461289 0.922585070 129.014739990 -0.005139705 0.997482061 -0.070733152 -8.459589005 -0.924750865 -0.031658489 -0.379253983 67.881713867
-0.395051748 0.061980065 0.916565716 130.105194092 -0.005132257 0.997556925 -0.069668949 -8.555417061 -0.918644488 -0.032226879 -0.393768549 67.409423828
-0.410237074 0.062784925 0.909815073 131.166030884 -0.007168083 0.997374594 -0.072059371 -8.646747589 -0.911950648 -0.036083058 -0.408710033 66.939674377
-0.425413877 0.065168202 0.902649462 132.226150513 -0.006445103 0.997160494 -0.075029135 -8.731459618 -0.904975772 -0.037736103 -0.423785865 66.445960999
-0.440093756 0.067273334 0.895428240 133.308013916 -0.004616049 0.997007012 -0.077173665 -8.824230194 -0.897939801 -0.038096990 -0.438466102 65.908157349
-0.454655766 0.069808520 0.887927234 134.361953735 -0.001472093 0.996863425 -0.079126835 -8.923407555 -0.890666008 -0.037282582 -0.453127027 65.376182556
-0.469505340 0.073123150 0.879896402 135.399429321 -0.001858622 0.996480644 -0.083803542 -9.018971443 -0.882927656 -0.040981606 -0.467717022 64.827812195
-0.484341711 0.075273566 0.871634781 136.431518555 -0.000646951 0.996260762 -0.086395651 -9.123154640 -0.874878645 -0.042408921 -0.482481956 64.244224548
-0.499878526 0.072348997 0.863068402 137.468063354 -0.002206440 0.996395290 -0.084803417 -9.225760460 -0.866092741 -0.044295717 -0.497916967 63.653873444
-0.515929520 0.067920558 0.853934050 138.496368408 -0.004542765 0.996620834 -0.082014278 -9.326354027 -0.856619000 -0.046192814 -0.513877571 63.042381287
-0.532125175 0.067681275 0.843956292 139.530090332 -0.005275835 0.996515393 -0.083242275 -9.433410645 -0.846649289 -0.048747879 -0.529913723 62.406974792
-0.547924042 0.066796288 0.833857000 140.540069580 -0.006239558 0.996452868 -0.083921060 -9.532388687 -0.836504877 -0.051185261 -0.545563757 61.749011993
-0.563917696 0.065833479 0.823202729 141.551132202 -0.006932516 0.996404946 -0.084433854 -9.628803253 -0.825801969 -0.053320602 -0.561433911 61.067848206
-0.579025865 0.064942002 0.812718630 142.516906738 -0.008314028 0.996300459 -0.085534886 -9.739616394 -0.815266669 -0.056283873 -0.576343834 60.365192413
-0.594409049 0.064416192 0.801578879 143.493621826 -0.008543286 0.996224463 -0.086393476 -9.844339371 -0.804117441 -0.058201175 -0.591614425 59.644317627
-0.609005630 0.061549675 0.790774107 144.467956543 -0.008914770 0.996390581 -0.084419355 -9.948898315 -0.793115795 -0.058461435 -0.606258690 58.883495331
-0.623885453 0.058035593 0.779357851 145.430908203 -0.008597044 0.996668994 -0.081099883 -10.056413651 -0.781468451 -0.057297211 -0.621308386 58.119777679
-0.638728142 0.056405220 0.767362237 146.391967773 -0.007857924 0.996779263 -0.079809286 -10.155937195 -0.769392312 -0.057006296 -0.636227667 57.320091248
-0.653203189 0.054924440 0.755187929 147.325866699 -0.008415728 0.996777415 -0.079774350 -10.254663467 -0.757135808 -0.058464315 -0.650636017 56.515914917
-0.668088078 0.055391639 0.742017746 148.253463745 -0.009963620 0.996469796 -0.083357409 -10.366580963 -0.744015455 -0.063083269 -0.665177584 55.693592072
-0.683180630 0.054794777 0.728190660 149.166778564 -0.011980671 0.996205568 -0.086202465 -10.468631744 -0.730150998 -0.067616068 -0.679931939 54.848346710
-0.698771298 0.051459137 0.713491857 150.072799683 -0.013713907 0.996262193 -0.085284352 -10.577220917 -0.715213597 -0.069379009 -0.695453763 53.978675842
-0.714981139 0.043803494 0.697770119 150.966949463 -0.017064387 0.996644855 -0.080051057 -10.685991287 -0.698935509 -0.069142029 -0.711834550 53.089935303
-0.731908858 0.041047081 0.680165052 151.842346191 -0.018069126 0.996663809 -0.079591110 -10.790441513 -0.681163013 -0.070543423 -0.728725314 52.173225403
-0.748642266 0.038583625 0.661850333 152.690307617 -0.019538859 0.996587336 -0.080198757 -10.890194893 -0.662686050 -0.072971977 -0.745333612 51.226024628
-0.765874922 0.034599323 0.642057776 153.521881104 -0.022821251 0.996459305 -0.080919571 -10.990758896 -0.642584205 -0.076626837 -0.762373745 50.263168335
-0.781952202 0.032103997 0.622511089 154.323348999 -0.022700721 0.996543705 -0.079908483 -11.103345871 -0.622924864 -0.076616026 -0.778520703 49.272109985
-0.797453344 0.034349021 0.602402151 155.092987061 -0.020343617 0.996280015 -0.083738647 -11.206344604 -0.603037596 -0.079032674 -0.793788016 48.257186890
-0.812256455 0.034174971 0.582298458 155.847717285 -0.016625339 0.996520221 -0.081676483 -11.314743996 -0.583063543 -0.076023139 -0.808861792 47.219093323
-0.826403677 0.035262022 0.561972737 156.572509766 -0.012512827 0.996640682 -0.080936693 -11.431215286 -0.562938988 -0.073918246 -0.823186338 46.177814484
-0.840391159 0.036289092 0.540763855 157.267532349 -0.010860864 0.996428013 -0.083746053 -11.538662910 -0.541871369 -0.076252609 -0.836995184 45.115577698
-0.853400290 0.037303351 0.519919634 157.932083130 -0.010157906 0.996056437 -0.088138647 -11.654100418 -0.521157205 -0.080498815 -0.849655926 44.029342651
-0.865806162 0.037724961 0.498955578 158.577148438 -0.007217095 0.996108651 -0.087837018 -11.772073746 -0.500327706 -0.079650819 -0.862164736 42.918972015
-0.876994908 0.035704792 0.479171157 159.191146851 -0.006174617 0.996315539 -0.085540116 -11.886476517 -0.480459839 -0.077976942 -0.873543262 41.798191071
-0.886997461 0.037311014 0.460264444 159.778579712 -0.003315423 0.996190190 -0.087144725 -12.003117561 -0.461762428 -0.078823134 -0.883494377 40.674488068
-0.895993769 0.040037442 0.442258179 160.333694458 -0.000554250 0.995825648 -0.091274567 -12.113927841 -0.444066435 -0.082026541 -0.892231286 39.556869507
-0.904392719 0.037689950 0.425033212 160.888366699 -0.001924268 0.995721042 -0.092390344 -12.239459038 -0.426696658 -0.084375046 -0.900450170 38.395675659
-0.912162602 0.034792978 0.408348829 161.414031982 -0.003046033 0.995786667 -0.091649272 -12.360914230 -0.409817070 -0.084842846 -0.908213377 37.246883392
-0.918859065 0.032701518 0.393228501 161.914627075 -0.003885615 0.995761693 -0.091888696 -12.481993675 -0.394566804 -0.085960656 -0.914837539 36.094486237
-0.924974024 0.030650450 0.378792226 162.400390625 -0.004461601 0.995797753 -0.091471009 -12.602853775 -0.380004048 -0.086298332 -0.920950234 34.895374298
-0.930835962 0.027903777 0.364370435 162.865081787 -0.005535604 0.995889485 -0.090407506 -12.726313591 -0.365395337 -0.086171567 -0.926855266 33.734527588
-0.935933650 0.023358030 0.351400644 163.315368652 -0.007815903 0.996174634 -0.087034136 -12.840066910 -0.352089256 -0.084204696 -0.932170928 32.505275726
-0.940750659 0.019782849 0.338521361 163.756668091 -0.009197285 0.996440947 -0.083790272 -12.952876091 -0.338974148 -0.081939220 -0.937220573 31.317924500
-0.944598079 0.020621695 0.327580631 164.170761108 -0.006151290 0.996736884 -0.080483690 -13.064564705 -0.328171402 -0.078039788 -0.941389024 30.106288910
-0.947588325 0.024870008 0.318524271 164.576171875 -0.001581989 0.996588171 -0.082518771 -13.174027443 -0.319489807 -0.078697734 -0.944316089 28.916326523
-0.949864149 0.029796928 0.311239660 164.973266602 0.003550730 0.996412337 -0.084556438 -13.275520325 -0.312642574 -0.079212002 -0.946562231 27.715616226
-0.951502264 0.033299752 0.305833995 165.352142334 0.007046152 0.996222615 -0.086548716 -13.394108772 -0.307560831 -0.080196351 -0.948142827 26.509485245
-0.953084230 0.030485753 0.301165938 165.740783691 0.004971936 0.996358097 -0.085122667 -13.511943817 -0.302664220 -0.079631694 -0.949764788 25.286415100
-0.954821229 0.023092378 0.296281666 166.123504639 -0.001083140 0.996699452 -0.081173949 -13.624049187 -0.297178328 -0.077827536 -0.951644778 24.081594467
-0.956717491 0.016562553 0.290546387 166.510543823 -0.006659172 0.996871829 -0.078753993 -13.737923622 -0.290941924 -0.077280127 -0.953614414 22.887094498
-0.957786620 0.010214832 0.287298471 166.864105225 -0.013651486 0.996625006 -0.080945671 -13.835723877 -0.287155658 -0.081450723 -0.954414606 21.640573502
-0.958997428 0.007403779 0.283317864 167.229858398 -0.016982246 0.996361375 -0.083520219 -13.944597244 -0.282905310 -0.084907040 -0.955382288 20.437742233
-0.959643722 0.006940947 0.281132996 167.582824707 -0.018030491 0.996119857 -0.086140230 -14.054636002 -0.280640066 -0.087732889 -0.955795050 19.231155396
-0.959816813 0.008003349 0.280513674 167.932815552 -0.017458729 0.995954037 -0.088153072 -14.169319153 -0.280084282 -0.089508176 -0.955793500 17.998813629
-0.959933281 0.010350245 0.280037671 168.288879395 -0.015450894 0.995842576 -0.089770213 -14.288127899 -0.279802591 -0.090500228 -0.955782533 16.797002792
-0.959318578 0.011936766 0.282073379 168.630920410 -0.014554990 0.995686173 -0.091636270 -14.405803680 -0.281950355 -0.092013940 -0.955006421 15.574642181
-0.959028006 0.013126774 0.283006966 168.986862183 -0.013846499 0.995560586 -0.093099050 -14.530661583 -0.282972664 -0.093203239 -0.954588652 14.368225098
-0.958238482 0.014597231 0.285597265 169.338546753 -0.012597558 0.995572209 -0.093152337 -14.646821022 -0.285692513 -0.092859998 -0.953811646 13.149013519
-0.957594991 0.014071784 0.287773907 169.697143555 -0.013384381 0.995555699 -0.093219198 -14.772097588 -0.287806720 -0.093117923 -0.953150690 11.943588257
-0.956626832 0.012524127 0.291046560 170.071899414 -0.015333656 0.995525777 -0.093238249 -14.895048141 -0.290912092 -0.093657024 -0.952154577 10.759590149
-0.955320954 0.010914654 0.295368671 170.446884155 -0.016612463 0.995755613 -0.090526029 -15.021072388 -0.295103073 -0.091388218 -0.951084793 9.572681427
-0.953567922 0.009277581 0.301034898 170.829071045 -0.017893225 0.996014833 -0.087375261 -15.144047737 -0.300645828 -0.088704742 -0.949601710 8.382007599
-0.951234758 0.006689352 0.308395326 171.196121216 -0.020354461 0.996224701 -0.084391579 -15.260469437 -0.307795584 -0.086553417 -0.947507441 7.211204529
-0.948888719 0.008624485 0.315492779 171.585906982 -0.019160001 0.996208727 -0.084859297 -15.366401672 -0.315028548 -0.086566888 -0.945126057 6.039390564
-0.946145654 0.008814474 0.323621035 171.987350464 -0.019801177 0.996182144 -0.085024200 -15.478055954 -0.323134929 -0.086853363 -0.942358911 4.875717163
-0.942354143 0.011992264 0.334401965 172.378158569 -0.018231947 0.996032953 -0.087097719 -15.588223457 -0.334119827 -0.088173717 -0.938397169 3.701774597
-0.938424349 0.013227506 0.345231205 172.788360596 -0.017565282 0.996147752 -0.085914128 -15.698272705 -0.345037729 -0.086687997 -0.934577048 2.558681488
-0.934050977 0.015190437 0.356816411 173.218399048 -0.016891487 0.996097922 -0.086623475 -15.816598892 -0.356739938 -0.086937897 -0.930149734 1.434379578
-0.928821206 0.016379902 0.370165735 173.670684814 -0.017713448 0.995917261 -0.088516168 -15.925480843 -0.370104283 -0.088772617 -0.924739003 0.282356262
-0.923567712 0.018693475 0.382979512 174.148620605 -0.016478159 0.995953143 -0.088350736 -16.038848877 -0.383081198 -0.087908663 -0.919522047 -0.860347748
-0.917539835 0.018516008 0.397212446 174.634963989 -0.016847972 0.996208131 -0.085356042 -16.155403137 -0.397286654 -0.085009784 -0.913748741 -2.019241333
-0.911109090 0.021356257 0.411611676 175.130828857 -0.015333147 0.996209025 -0.085627981 -16.278005600 -0.411879987 -0.084327728 -0.907327771 -3.173278809
-0.905068278 0.023487380 0.424617022 175.649658203 -0.013999347 0.996286988 -0.084948398 -16.383853912 -0.425035685 -0.082828470 -0.901378989 -4.285476685
-0.897993743 0.025690677 0.439257622 176.190353394 -0.011852308 0.996519387 -0.082513206 -16.492740631 -0.439848691 -0.079302564 -0.894563675 -5.419952393
-0.889995635 0.027724234 0.455125213 176.727996826 -0.009653254 0.996780455 -0.079596415 -16.599189758 -0.455866605 -0.075233899 -0.886862636 -6.545150757
-0.882088542 0.030594878 0.470089018 177.280776978 -0.006802113 0.996957660 -0.077648811 -16.706527710 -0.471034497 -0.071690723 -0.879196703 -7.615127563
-0.874034405 0.033260282 0.484724075 177.853302002 -0.004145304 0.997107387 -0.075893074 -16.817497253 -0.485846192 -0.068342507 -0.871368289 -8.643302917
-0.863430023 0.037159227 0.503098130 178.430160522 -0.000293716 0.997246146 -0.074161477 -16.920032501 -0.504468501 -0.064181000 -0.861041367 -9.707832336
-0.853303373 0.040144615 0.519867122 179.032760620 0.002626855 0.997350037 -0.072704613 -17.019138336 -0.521408200 -0.060673468 -0.851147473 -10.714179993
-0.842154622 0.042120308 0.537588537 179.659759521 0.004251585 0.997432292 -0.071488999 -17.122665405 -0.539219260 -0.057919193 -0.840171456 -11.731857300
-0.831100643 0.044237860 0.554359734 180.314254761 0.005325120 0.997418463 -0.071610436 -17.213413239 -0.556096494 -0.056563452 -0.829190731 -12.719558716
-0.818099856 0.047024015 0.573150337 180.989273071 0.008174152 0.997501433 -0.070172235 -17.316757202 -0.575017989 -0.052722879 -0.816440225 -13.711997986
-0.805657566 0.047598626 0.590466082 181.691528320 0.008807205 0.997618854 -0.068403095 -17.405754089 -0.592315972 -0.049909115 -0.804158449 -14.665199280
-0.791540027 0.049732700 0.609090447 182.411956787 0.010927481 0.997675657 -0.067260265 -17.492603302 -0.611019552 -0.046583351 -0.790243626 -15.605644226
