1.000000000 0.000000000 0.000000000 0.000000000 0.000000000 1.000000000 0.000000000 0.000000000 0.000000000 0.000000000 1.000000000 0.000000000
0.999998569 0.000748034 0.001519297 0.001952038 -0.000741074 0.999989271 -0.004575986 -0.017452762 -0.001522704 0.004574853 0.999988377 0.943673611
0.999996364 -0.001447261 0.002258709 0.015727004 0.001459415 0.999984443 -0.005388642 -0.029016659 -0.002250875 0.005391919 0.999982893 1.866046667
0.999993265 -0.002740941 0.002489206 0.023853250 0.002744203 0.999995351 -0.001308013 -0.042346917 -0.002485610 0.001314834 0.999996066 2.799100876
0.999983847 -0.005349008 0.001916438 0.033418365 0.005339481 0.999973416 0.004942565 -0.058032155 -0.001942825 -0.004932253 0.999985993 3.725983620
0.999959767 -0.008959660 0.000379221 0.047193430 0.008957693 0.999947846 0.004902909 -0.068848997 -0.000423129 -0.004899315 0.999987900 4.644371510
0.999936700 -0.011238089 -0.000576799 0.058372647 0.011239170 0.999935031 0.001905827 -0.078442447 0.000555344 -0.001912190 0.999998033 5.558190346
0.999925852 -0.012080522 -0.001549686 0.065965652 0.012077956 0.999925673 -0.001654762 -0.088206887 0.001569561 0.001635922 0.999997437 6.464967251
0.999930978 -0.011559554 -0.002105916 0.066317610 0.011555118 0.999931037 -0.002106242 -0.102132790 0.002130118 0.002081762 0.999995589 7.367913246
0.999933064 -0.011137840 -0.003141248 0.066840068 0.011137079 0.999937952 -0.000259751 -0.115497552 0.003143946 0.000224750 0.999994993 8.277858734
0.999931097 -0.011086361 -0.003851989 0.070679471 0.011096357 0.999935091 0.002584110 -0.126327023 0.003823091 -0.002626675 0.999989212 9.189431190
0.999924302 -0.011294878 -0.004897594 0.072567835 0.011315301 0.999927282 0.004162584 -0.136497721 0.004850222 -0.004217687 0.999979377 10.096540451
0.999905705 -0.012704083 -0.005205653 0.071906731 0.012729813 0.999906778 0.004939886 -0.147382557 0.005142411 -0.005005688 0.999974251 10.991238594
0.999903321 -0.012556450 -0.005973593 0.076283447 0.012588183 0.999906719 0.005304632 -0.163446724 0.005906429 -0.005379317 0.999968112 11.875606537
0.999889970 -0.013358467 -0.006451026 0.071689978 0.013383627 0.999902904 0.003872882 -0.172721520 0.006398665 -0.003958793 0.999971747 12.758922577
0.999884725 -0.013165547 -0.007560997 0.063690394 0.013179741 0.999911427 0.001830052 -0.181506023 0.007536235 -0.001929492 0.999969780 13.646615982
0.999846578 -0.014794985 -0.009373163 0.066738993 0.014798276 0.999890447 0.000281826 -0.186936960 0.009367967 -0.000420489 0.999956012 14.523747444
0.999828994 -0.014572295 -0.011379304 0.069511935 0.014565112 0.999893606 -0.000713927 -0.195886388 0.011388497 0.000548064 0.999934971 15.408199310
0.999827743 -0.013294981 -0.012946714 0.058923736 0.013272301 0.999910176 -0.001835993 -0.205969065 0.012969961 0.001663844 0.999914467 16.292047501
0.999828398 -0.011532567 -0.014489477 0.048670754 0.011511980 0.999932528 -0.001503590 -0.222883776 0.014505840 0.001336530 0.999893904 17.162242889
0.999800265 -0.012417626 -0.015662624 0.035264760 0.012411106 0.999922872 -0.000513432 -0.238595009 0.015667792 0.000318939 0.999877214 18.043157578
0.999781728 -0.011832452 -0.017218113 0.031394333 0.011846486 0.999929547 0.000713354 -0.246876150 0.017208463 -0.000917173 0.999851525 18.912712097
0.999756217 -0.011427545 -0.018891886 0.022189260 0.011447814 0.999934018 0.000965012 -0.255446643 0.018879609 -0.001181047 0.999821067 19.778158188
0.999706864 -0.012563247 -0.020692576 0.012363553 0.012592108 0.999919891 0.001265022 -0.270432413 0.020675030 -0.001525214 0.999785066 20.637098312
0.999661922 -0.012776559 -0.022641929 0.001427710 0.012802374 0.999917567 0.000995590 -0.287419409 0.022627344 -0.001285124 0.999743223 21.495580673
0.999651074 -0.012374551 -0.023334270 -0.010806084 0.012404647 0.999922395 0.001145490 -0.296451002 0.023318289 -0.001434544 0.999727011 22.337495804
0.999621749 -0.012288238 -0.024601446 -0.023900867 0.012365406 0.999919057 0.002987074 -0.304322362 0.024562748 -0.003290151 0.999692798 23.175226212
0.999589860 -0.013440708 -0.025285885 -0.036660314 0.013595019 0.999889970 0.005940719 -0.313849568 0.025203252 -0.006282045 0.999662578 24.003435135
0.999574661 -0.013463597 -0.025870472 -0.052903175 0.013658924 0.999879420 0.007388478 -0.321750700 0.025767878 -0.007738698 0.999638021 24.826398849
0.999564946 -0.012853247 -0.026550202 -0.071598113 0.013015090 0.999897718 0.005932004 -0.328291357 0.026471242 -0.006274976 0.999629855 25.642322540
0.999566495 -0.011264903 -0.027201250 -0.091509581 0.011360722 0.999929845 0.003370662 -0.336950094 0.027161371 -0.003678226 0.999624312 26.437229156
0.999545872 -0.010885200 -0.028097341 -0.107010722 0.010939918 0.999938548 0.001794462 -0.348576754 0.028076079 -0.002101030 0.999603570 27.218729019
0.999524236 -0.010034779 -0.029165352 -0.126401901 0.010078100 0.999948323 0.001338750 -0.356409252 0.029150410 -0.001632044 0.999573648 27.998287201
0.999496877 -0.009692988 -0.030198459 -0.148635268 0.009726394 0.999952257 0.000959417 -0.368209064 0.030187717 -0.001252656 0.999543428 28.767513275
0.999429643 -0.009603140 -0.032375660 -0.164957464 0.009610980 0.999953806 0.000086539 -0.382709622 0.032373339 -0.000397651 0.999475718 29.543760300
0.999355257 -0.009872410 -0.034520693 -0.184626579 0.009883176 0.999951124 0.000141228 -0.394236684 0.034517616 -0.000482311 0.999403954 30.293827057
0.999303937 -0.009574719 -0.036054872 -0.213633597 0.009620591 0.999953032 0.001099048 -0.401645035 0.036042657 -0.001445152 0.999349236 31.039337158
0.999208450 -0.010006757 -0.038501170 -0.226912022 0.010145565 0.999942660 0.003411615 -0.411723971 0.038464826 -0.003799531 0.999252737 31.785177231
0.999124587 -0.009310158 -0.040783964 -0.249656439 0.009520892 0.999942243 0.004975946 -0.420831740 0.040735286 -0.005359889 0.999155581 32.505382538
0.999077380 -0.007741630 -0.042243741 -0.285351276 0.007962279 0.999955475 0.005057474 -0.429680169 0.042202711 -0.005389165 0.999094486 33.211631775
0.999012649 -0.004959183 -0.044147458 -0.317060947 0.005165116 0.999976277 0.004551819 -0.442092568 0.044123840 -0.004775350 0.999014676 33.924263000
0.998917103 -0.003393440 -0.046400070 -0.338698268 0.003564185 0.999987125 0.003597607 -0.444631398 0.046387266 -0.003759090 0.998916507 34.622985840
0.998852313 -0.002637954 -0.047823213 -0.369927645 0.002863881 0.999985039 0.004656305 -0.450419307 0.047810216 -0.004787921 0.998844981 35.305011749
0.998822927 -0.001571444 -0.048479468 -0.405539751 0.001899354 0.999975622 0.006718561 -0.459583700 0.048467733 -0.006802732 0.998801589 35.985614777
0.998793483 0.000931582 -0.049099755 -0.428616524 -0.000578656 0.999973893 0.007201660 -0.465600640 0.049105186 -0.007164558 0.998767912 36.654426575
0.998860121 0.004490959 -0.047519758 -0.465491772 -0.004251621 0.999977708 0.005136478 -0.474169433 0.047541760 -0.004928587 0.998857081 37.310455322
0.998936355 0.005744085 -0.045750730 -0.491839528 -0.005646648 0.999981523 0.002258688 -0.486915588 0.045762856 -0.001997947 0.998950362 37.954734802
0.999009073 0.005989543 -0.044102628 -0.507965922 -0.005986594 0.999982119 0.000198930 -0.488860488 0.044103019 0.000065292 0.999027014 38.591762543
0.999165773 0.006897315 -0.040252961 -0.540185452 -0.006856591 0.999975801 0.001149689 -0.496736318 0.040259913 -0.000872731 0.999188900 39.214965820
0.999238372 0.011954071 -0.037146036 -0.563473225 -0.011814503 0.999922335 0.003974526 -0.504583418 0.037190661 -0.003532637 0.999301970 39.838531494
0.999316216 0.016342849 -0.033167180 -0.580586851 -0.016106233 0.999842942 0.007388731 -0.512873530 0.033282720 -0.006849479 0.999422491 40.457061768
0.999360025 0.021162784 -0.028837319 -0.596657395 -0.020928118 0.999745607 0.008415071 -0.517402649 0.029008072 -0.007806175 0.999548614 41.052623749
0.999420643 0.024838919 -0.023268141 -0.612452984 -0.024647061 0.999660194 0.008496366 -0.517441988 0.023471275 -0.007917953 0.999693096 41.624118805
0.999437153 0.028912876 -0.017012015 -0.629741251 -0.028730989 0.999528348 0.010840561 -0.521972418 0.017317429 -0.010345688 0.999796450 42.189510345
0.999388874 0.033305436 -0.010611420 -0.626326203 -0.033175241 0.999374986 0.012217404 -0.533086300 0.011011694 -0.011857904 0.999868989 42.736461639
0.999328732 0.036464088 -0.003542546 -0.625160098 -0.036420170 0.999267399 0.011758387 -0.535356522 0.003968710 -0.011621473 0.999924600 43.258907318
0.999201775 0.039776303 0.003690924 -0.618532896 -0.039817952 0.999134898 0.011997418 -0.543291688 -0.003210519 -0.012134806 0.999921143 43.760490417
0.998991430 0.043503050 0.011118310 -0.606681049 -0.043628141 0.998984337 0.011267864 -0.542405128 -0.010616828 -0.011741572 0.999874711 44.250095367
0.998672485 0.047788538 0.019221891 -0.601322234 -0.047960568 0.998812258 0.008590046 -0.546220601 -0.018788554 -0.009500537 0.999778330 44.717460632
0.998370230 0.049827412 0.027821645 -0.593151569 -0.050006747 0.998732030 0.005787343 -0.557186365 -0.027497999 -0.007169182 0.999596179 45.172260284
0.998099029 0.050211478 0.035736404 -0.571770549 -0.050436582 0.998712480 0.005425005 -0.558579504 -0.035417996 -0.007217115 0.999346495 45.593364716
0.997835219 0.049218547 0.043617427 -0.540466785 -0.049560443 0.998748004 0.006791466 -0.564014912 -0.043228559 -0.008938464 0.999025226 45.989139557
0.997355580 0.050972249 0.051804405 -0.516023159 -0.051434889 0.998647153 0.007636040 -0.566436887 -0.051345095 -0.010280401 0.998628139 46.366573334
0.996676445 0.053989623 0.061003126 -0.499024630 -0.054574512 0.998478055 0.007961526 -0.576058567 -0.060480434 -0.011264282 0.998105824 46.725097656
0.995855033 0.058805089 0.069387659 -0.466020346 -0.059456144 0.998203754 0.007353452 -0.578788996 -0.068830609 -0.011448496 0.997562706 47.045211792
0.994930446 0.062376246 0.078882985 -0.442508459 -0.063166484 0.997974336 0.007560469 -0.585019708 -0.078251600 -0.012504904 0.996855140 47.344989777
0.994187713 0.061549094 0.088331573 -0.409216404 -0.062521681 0.998009205 0.008283936 -0.590769887 -0.087645851 -0.013758427 0.996056616 47.624614716
0.993266404 0.060084503 0.099053510 -0.367142677 -0.061007161 0.998117387 0.006309603 -0.595545292 -0.098487929 -0.012310091 0.995062113 47.896236420
0.992100120 0.058509428 0.110968679 -0.325854301 -0.059075262 0.998251855 0.001815172 -0.601183832 -0.110668488 -0.008356337 0.993822217 48.160438538
0.990444303 0.059404522 0.124464430 -0.279731750 -0.059583765 0.998220682 -0.002285342 -0.604515851 -0.124378733 -0.005152552 0.992221415 48.429054260
0.988200068 0.060966920 0.140511975 -0.240576744 -0.060929123 0.998131633 -0.004575051 -0.608326793 -0.140528366 -0.004040204 0.990068376 48.696151733
0.985685170 0.062538460 0.156568348 -0.180406570 -0.062428106 0.998033702 -0.005627054 -0.618959665 -0.156612396 -0.004227761 0.987651050 48.940322876
0.982813418 0.062702417 0.173626915 -0.121292114 -0.062474594 0.998023510 -0.006782496 -0.623737395 -0.173709020 -0.004181343 0.984788120 49.196029663
0.979446530 0.061553303 0.192082450 -0.058548927 -0.061127473 0.998096764 -0.008147854 -0.626254797 -0.192218393 -0.003761126 0.981344938 49.446907043
0.975465775 0.060417335 0.211698204 0.016477585 -0.059989560 0.998163223 -0.008448775 -0.631923795 -0.211819798 -0.004458192 0.977298558 49.701004028
0.970861077 0.060350262 0.231919080 0.094214439 -0.059766185 0.998166740 -0.009550588 -0.639052868 -0.232070282 -0.004588624 0.972688198 49.927803040
0.965426445 0.062057883 0.253180981 0.176365852 -0.061055176 0.998064339 -0.011823462 -0.641562760 -0.253424615 -0.004043328 0.967346787 50.171680450
0.958912671 0.063348673 0.276538223 0.262383461 -0.061923787 0.997984171 -0.013891302 -0.648770511 -0.276860774 -0.003803746 0.960902572 50.431404114
0.951394081 0.064209945 0.301208228 0.366366386 -0.062652268 0.997925103 -0.014839302 -0.662641287 -0.301536083 -0.004753356 0.953442931 50.680686951
0.942609668 0.066637784 0.327179670 0.472082138 -0.065106131 0.997755766 -0.015644547 -0.671417415 -0.327487916 -0.006554700 0.944832683 50.921833038
0.932485998 0.068151385 0.354718566 0.586166382 -0.066605918 0.997641563 -0.016580913 -0.683435500 -0.355012000 -0.008164890 0.934826136 51.160285950
0.920966208 0.068478249 0.383577675 0.714605331 -0.066731535 0.997610867 -0.017876787 -0.691903174 -0.383885443 -0.009132814 0.923335552 51.401065826
0.908021271 0.066075645 0.413680136 0.863330841 -0.063584052 0.997779965 -0.019805813 -0.704855800 -0.414070487 -0.008319361 0.910206854 51.636150360
0.892576516 0.063218340 0.446442187 1.017335892 -0.059396103 0.997979403 -0.022567378 -0.714916527 -0.446966767 -0.006373820 0.894527853 51.870468140
0.874563634 0.062133498 0.480913579 1.181226730 -0.056265961 0.998060703 -0.026626075 -0.726080358 -0.481635302 -0.003772866 0.876363635 52.104820251
0.854601383 0.063703328 0.515362084 1.369878769 -0.055291165 0.997967839 -0.031670842 -0.737249374 -0.516332507 -0.001429031 0.856387019 52.343879700
0.832001865 0.065375365 0.550907254 1.557941437 -0.054550301 0.997860730 -0.036030665 -0.749126136 -0.552084267 -0.000074578 0.833788276 52.572444916
0.806608021 0.067842185 0.587180316 1.763631821 -0.055060904 0.997695982 -0.039635681 -0.758990884 -0.588516593 -0.000360227 0.808485150 52.804870605
0.778305709 0.071284994 0.623825729 1.984853745 -0.057503726 0.997451484 -0.042235889 -0.774240255 -0.625246704 -0.002999875 0.780421376 53.032775879
0.747386396 0.075554699 0.660079479 2.231637955 -0.061134037 0.997118533 -0.044913113 -0.789530754 -0.661570847 -0.006785888 0.749851882 53.275703430
0.713448286 0.076081231 0.696565270 2.503921509 -0.060038418 0.997069538 -0.047409736 -0.806116581 -0.698131084 -0.007996285 0.715925336 53.505493164
0.675526023 0.073648766 0.733648658 2.798946381 -0.056497481 0.997243941 -0.048088774 -0.827261448 -0.735168338 -0.008964100 0.677825153 53.738159180
0.635571420 0.071490340 0.768724978 3.144392014 -0.052575633 0.997399867 -0.049287960 -0.850642920 -0.770249844 -0.009090183 0.637677491 53.975605011
0.591964900 0.070682503 0.802858353 3.497749329 -0.050039954 0.997448444 -0.050918385 -0.869552255 -0.804408967 -0.010033106 0.593991399 54.190715790
0.544475555 0.070520587 0.835806906 3.856254578 -0.046311907 0.997466922 -0.053991232 -0.888740540 -0.837497294 -0.009310905 0.546362281 54.387554169
0.494334519 0.068880707 0.866538405 4.238018036 -0.042901013 0.997573972 -0.054822899 -0.921978474 -0.868212581 -0.010074526 0.496090233 54.575874329
0.444926560 0.066766374 0.893074691 4.655742645 -0.040735472 0.997693777 -0.054293413 -0.944871664 -0.894640207 -0.012223247 0.446620107 54.733356476
0.395073086 0.063739412 0.916435778 5.146135330 -0.039566528 0.997844934 -0.052344512 -0.977549434 -0.917797208 -0.015580276 0.396743685 54.895996094
0.344535887 0.062914707 0.936662555 5.613868713 -0.041901968 0.997788012 -0.051607493 -1.002198577 -0.937837541 -0.021467377 0.346410066 55.029598236
0.293858349 0.063357636 0.953746915 6.093513489 -0.039537456 0.997752488 -0.054099083 -1.021793365 -0.955030918 -0.021811260 0.295702875 55.151409149
0.245701030 0.060347579 0.967465341 6.583879471 -0.028980549 0.998071313 -0.054896690 -1.056584239 -0.968912363 -0.014549501 0.246976078 55.228607178
0.201103657 0.054139949 0.978072643 7.101503372 -0.014820989 0.998525500 -0.052224696 -1.090623021 -0.979457855 -0.003993426 0.201609507 55.273277283
0.158317953 0.053029079 0.985963106 7.615174294 -0.005574554 0.998588860 -0.052813023 -1.122512102 -0.987372518 0.002864946 0.158390149 55.307716370
0.118763372 0.054477949 0.991427004 8.152687073 -0.002015042 0.998504817 -0.054625500 -1.148887277 -0.992920578 0.004489742 0.118695602 55.354057312
0.085311212 0.055126049 0.994828165 8.687037468 0.006191796 0.998419642 -0.055856045 -1.191718102 -0.996335208 0.010924920 0.084835082 55.364978790
0.056314256 0.054052163 0.996948898 9.257658005 0.013728927 0.998397112 -0.054906193 -1.220737696 -0.998318613 0.016779041 0.055481911 55.359485626
0.030841900 0.052466728 0.998146296 9.820394516 0.020628635 0.998375237 -0.053116173 -1.256109953 -0.999311447 0.022228602 0.029709473 55.351707458
0.010538779 0.051872578 0.998598099 10.390214920 0.025522865 0.998314202 -0.052127186 -1.279494286 -0.999618709 0.026036441 0.009197079 55.335494995
-0.005677365 0.053763125 0.998537660 10.975551605 0.028770873 0.998149157 -0.053578623 -1.307290554 -0.999569893 0.028424613 -0.007213671 55.320697784
-0.019254673 0.053562850 0.998378754 11.566509247 0.028767824 0.998180151 -0.052997377 -1.342594981 -0.999400616 0.027700739 -0.020760516 55.285285950
-0.031043269 0.054531489 0.998029411 12.160245895 0.029763205 0.998118222 -0.053610578 -1.378418207 -0.999074876 0.028040303 -0.032607883 55.255870819
-0.040125296 0.057683505 0.997528195 12.772768021 0.034754891 0.997808754 -0.056301724 -1.410609841 -0.998590052 0.032409865 -0.042042151 55.213504791
-0.046788942 0.059770525 0.997114956 13.392112732 0.038643438 0.997569382 -0.057984442 -1.446738958 -0.998157024 0.035818916 -0.048984945 55.164875031
-0.051098913 0.059155591 0.996940017 14.015711784 0.039122161 0.997596502 -0.057189312 -1.479226828 -0.997926950 0.036080137 -0.053290397 55.118446350
-0.055143617 0.056381676 0.996885300 14.653425217 0.036943126 0.997835934 -0.054391909 -1.514938831 -0.997794747 0.033828679 -0.057107206 55.085296631
-0.057588659 0.049314287 0.997121632 15.321795464 0.034718249 0.998273969 -0.047366131 -1.553290606 -0.997736514 0.031890556 -0.059201367 55.043014526
-0.058828432 0.043747358 0.997309148 15.994817734 0.036054932 0.998480558 -0.041671973 -1.587203741 -0.997616708 0.033506423 -0.060316361 54.995075226
-0.059462927 0.041265130 0.997377217 16.657438278 0.038390912 0.998500466 -0.039022766 -1.619062781 -0.997492015 0.035969812 -0.060957965 54.948162079
-0.059352860 0.043766804 0.997277200 17.338161469 0.041827776 0.998269975 -0.041320998 -1.658248425 -0.997360289 0.039261375 -0.061080862 54.898941040
-0.058438189 0.051366553 0.996968627 18.029157639 0.042941727 0.997880340 -0.048896465 -1.685647488 -0.997366965 0.039954137 -0.060520090 54.844726562
-0.056358755 0.059549663 0.996633053 18.723426819 0.043578129 0.997415125 -0.057132080 -1.721732378 -0.997459054 0.040211514 -0.058808137 54.802143097
-0.054369688 0.060614102 0.996679485 19.435791016 0.044349022 0.997317433 -0.058233622 -1.754245639 -0.997535467 0.041035611 -0.056912009 54.760005951
-0.051979780 0.056114003 0.997070432 20.158180237 0.043633983 0.997594237 -0.053868737 -1.795444250 -0.997694373 0.040706065 -0.054303207 54.713169098
-0.049313780 0.049531739 0.997554362 20.877239227 0.043342475 0.997934818 -0.047408015 -1.839419127 -0.997842491 0.040898602 -0.051358756 54.667835236
-0.046214852 0.047876500 0.997783482 21.596279144 0.041558422 0.998078167 -0.045965753 -1.881855965 -0.998066664 0.039342009 -0.048115697 54.630065918
-0.042812567 0.053578176 0.997645438 22.307996750 0.049091149 0.997467697 -0.051461954 -1.925946236 -0.997876346 0.046772342 -0.045334361 54.584407806
-0.039564751 0.059461057 0.997446239 23.018924713 0.050853238 0.997054100 -0.057420533 -1.965487480 -0.997922122 0.048451535 -0.042471983 54.547241211
-0.037230197 0.059652790 0.997524679 23.747280121 0.044754680 0.997314632 -0.057969864 -2.010954380 -0.998303950 0.042485673 -0.039799958 54.522106171
-0.034130573 0.055769995 0.997860193 24.472366333 0.040407538 0.997702479 -0.054379087 -2.055894613 -0.998600125 0.038465083 -0.036305688 54.502414703
-0.028995287 0.052277837 0.998211622 25.198814392 0.044455998 0.997710705 -0.050960284 -2.107004166 -0.998590469 0.042898878 -0.031252969 54.466163635
-0.025315493 0.053645104 0.998239219 25.924287796 0.048948940 0.997427881 -0.052360166 -2.152693272 -0.998480380 0.047537230 -0.027876250 54.430084229
-0.022632338 0.058266815 0.998044491 26.651298523 0.048836313 0.997172832 -0.057108488 -2.197811604 -0.998550236 0.047448318 -0.025413889 54.411582947
-0.018974062 0.058732647 0.998093367 27.385631561 0.044823017 0.997319400 -0.057835005 -2.246169567 -0.998814762 0.043640189 -0.021555774 54.402305603
-0.015297140 0.058628440 0.998162627 28.117427826 0.044299431 0.997338951 -0.057901155 -2.287814617 -0.998901129 0.043332320 -0.017853638 54.389259338
-0.011310661 0.055395141 0.998400450 28.838134766 0.048013501 0.997342706 -0.054792520 -2.343987942 -0.998782635 0.047316968 -0.013940320 54.358451843
-0.007486071 0.056171693 0.998392999 29.563835144 0.052550677 0.997063518 -0.055702858 -2.390712500 -0.998590171 0.052049235 -0.010415949 54.336086273
-0.003540465 0.057119660 0.998361051 30.290302277 0.055411797 0.996844530 -0.056836393 -2.437741756 -0.998457313 0.055119745 -0.006694396 54.313884735
-0.000841832 0.057261784 0.998358846 31.031970978 0.055358931 0.996830940 -0.057127465 -2.484246969 -0.998466194 0.055219986 -0.004009114 54.313148499
0.002159384 0.055670388 0.998446882 31.760000229 0.056893259 0.996825218 -0.055703010 -2.537248611 -0.998377919 0.056925174 -0.001014742 54.312458038
0.006192416 0.054922368 0.998471498 32.493247986 0.058966219 0.996733010 -0.055192448 -2.583921909 -0.998240709 0.059217855 0.002933621 54.304302216
0.008440725 0.055377655 0.998429835 33.226554871 0.056876220 0.996822298 -0.055769339 -2.629092693 -0.998345554 0.057257645 0.005264232 54.316715240
0.011549262 0.057009533 0.998306811 33.967952728 0.054295961 0.996864736 -0.057555318 -2.674233198 -0.998458087 0.054868743 0.008417665 54.322120667
0.014621250 0.056684528 0.998285055 34.706226349 0.056206733 0.996766508 -0.057421532 -2.728139400 -0.998312056 0.056949917 0.011387920 54.324409485
0.017400146 0.056575414 0.998246610 35.451427460 0.054024298 0.996886134 -0.057439994 -2.774488449 -0.998387992 0.054929048 0.014289515 54.327507019
0.019580919 0.056695752 0.998199463 36.191871643 0.052366346 0.996962309 -0.057652719 -2.824325562 -0.998435915 0.053400952 0.016552491 54.341278076
0.022715542 0.057005465 0.998115361 36.939613342 0.049522940 0.997083127 -0.058073577 -2.870790005 -0.998514593 0.050748780 0.019826207 54.353359222
0.025837351 0.058964591 0.997925699 37.696880341 0.047872286 0.997040510 -0.060151771 -2.923022747 -0.998519242 0.049327146 0.022938121 54.377593994
0.029327326 0.062488243 0.997614682 38.449398041 0.046439704 0.996881127 -0.063807495 -2.977128267 -0.998490572 0.048200231 0.026333923 54.389556885
0.032684747 0.064207390 0.997401178 39.189579010 0.046618562 0.996750236 -0.065693170 -3.037536860 -0.998377919 0.048644561 0.029585268 54.404228210
0.035286192 0.066574946 0.997157276 39.948074341 0.040717524 0.996854365 -0.067995593 -3.086760521 -0.998547494 0.043001067 0.032464430 54.438800812
0.037983403 0.065490365 0.997129977 40.709823608 0.037105016 0.997069597 -0.066899821 -3.142499447 -0.998589337 0.039539613 0.035442073 54.470123291
0.041908879 0.066050604 0.996935785 41.476924896 0.038904827 0.996947765 -0.067686863 -3.203436852 -0.998363793 0.041622289 0.039211288 54.497200012
0.045867193 0.067463338 0.996666908 42.239475250 0.038348529 0.996862590 -0.069241405 -3.257905960 -0.998211205 0.041396618 0.043136161 54.518154144
0.049913179 0.068629995 0.996392846 43.009395599 0.034660805 0.996916234 -0.070402354 -3.310555935 -0.998151958 0.038049776 0.047380492 54.554885864
0.054218940 0.066266760 0.996327758 43.783786774 0.033631116 0.997108161 -0.068148814 -3.370298624 -0.997962534 0.037202571 0.051833518 54.591560364
0.058465920 0.066220492 0.996090710 44.579566956 0.033270068 0.997114003 -0.068241321 -3.440397263 -0.997734845 0.037129793 0.056094028 54.644702911
0.063792661 0.069710925 0.995525420 45.350498199 0.029936973 0.996974587 -0.071730763 -3.498386860 -0.997514009 0.034378912 0.061512738 54.686111450
0.069961011 0.078440107 0.994460940 46.129547119 0.027941722 0.996358395 -0.080555484 -3.562308311 -0.997158289 0.033422697 0.067514494 54.737720490
0.077545457 0.082938984 0.993533015 46.912967682 0.026634075 0.996005774 -0.085224204 -3.632303238 -0.996632993 0.033070583 0.075026721 54.797050476
0.084783524 0.086181261 0.992665350 47.699432373 0.021906845 0.995850384 -0.088328846 -3.699259758 -0.996158600 0.029235000 0.082543738 54.866985321
0.091814488 0.084136039 0.992215335 48.504501343 0.018279331 0.996113718 -0.086158097 -3.774096012 -0.995608330 0.026047591 0.089919716 54.956398010
0.099868037 0.082885846 0.991542399 49.258056641 0.017886929 0.996213675 -0.085077904 -3.841096640 -0.994839847 0.026232211 0.098007329 55.003711700
0.107359521 0.079244420 0.991057217 50.055702209 0.017653862 0.996509254 -0.081592806 -3.912816048 -0.994063437 0.026255751 0.105585799 55.087623596
0.114943892 0.073898911 0.990619481 50.847118378 0.015005196 0.996986151 -0.076114953 -3.980844498 -0.993258655 0.023613390 0.113488600 55.175754547
0.121961728 0.065970160 0.990339994 51.645664215 0.013165871 0.997593403 -0.068074733 -4.048700809 -0.992447495 0.021341203 0.120799646 55.284038544
0.129986465 0.062921815 0.989517212 52.435916901 0.013304203 0.997783780 -0.065195166 -4.117797852 -0.991426587 0.021639228 0.128861278 55.380481720
0.137441114 0.065364242 0.988350868 53.222560883 0.012591015 0.997624278 -0.067728482 -4.179336548 -0.990429878 0.021753021 0.136291608 55.474334717
0.143579543 0.072117120 0.987007618 54.000892639 0.013070280 0.997116089 -0.074757054 -4.243145943 -0.989552438 0.023634050 0.142222896 55.580062866
0.148886546 0.076199889 0.985913992 54.769412994 0.011229703 0.996831954 -0.078739576 -4.302083492 -0.988790512 0.022794779 0.147559196 55.690517426
0.153818369 0.078873299 0.984946132 55.530838013 0.010625781 0.996619403 -0.081467494 -4.371264935 -0.988041997 0.022997022 0.152460277 55.814811707
0.159345105 0.078578010 0.984090805 56.280193329 0.008650068 0.996677816 -0.080983706 -4.435179710 -0.987185061 0.021416808 0.158136040 55.934852600
0.164420173 0.075497188 0.983497024 57.005172729 0.010969892 0.996864915 -0.078357324 -4.517662048 -0.986329377 0.023672378 0.163076565 56.040508270
0.168932170 0.068817273 0.983222306 57.753242493 0.012150999 0.997338355 -0.071892999 -4.575660706 -0.985552847 0.024092175 0.167646378 56.164276123
0.172215968 0.062469926 0.983076334 58.492004395 0.010156143 0.997821510 -0.065186068 -4.639259815 -0.985006809 0.021210350 0.171206355 56.292182922
0.175660402 0.058794513 0.982693553 59.215377808 0.006525764 0.998123527 -0.060884185 -4.702188015 -0.984429240 0.017107768 0.174947098 56.421520233
0.179060072 0.058663655 0.982087612 59.940517426 0.005342255 0.998147964 -0.060597036 -4.757289886 -0.983823657 0.016097076 0.178415090 56.545852661
0.181014970 0.061234273 0.981572092 60.634796143 0.002946637 0.998021483 -0.062803842 -4.806633472 -0.983475924 0.014260774 0.180476412 56.674629211
0.182346940 0.065611757 0.981042624 61.326076508 -0.001281375 0.997786045 -0.066493377 -4.862543106 -0.983233392 0.010867782 0.182027310 56.808223724
0.184666768 0.069850460 0.980315745 62.004165649 -0.002075867 0.997496665 -0.070683599 -4.916258335 -0.982798934 0.011017908 0.184349492 56.933383942
0.186525241 0.075182080 0.979569316 62.673320770 -0.002481454 0.997100472 -0.076055110 -4.973779678 -0.982446909 0.011755440 0.186170965 57.065082550
0.188627318 0.077384062 0.978995144 63.351444244 -0.002034130 0.996919155 -0.078408934 -5.032187462 -0.982046664 0.012798661 0.188203573 57.181854248
0.189892352 0.077038378 0.978777707 64.003860474 -0.004224143 0.996971667 -0.077650867 -5.091218948 -0.981795788 0.010610810 0.189642698 57.309383392
0.190764621 0.073650762 0.978868961 64.667419434 -0.003631054 0.997227490 -0.074324429 -5.153069019 -0.981629074 0.010624147 0.190503120 57.436962128
0.191547275 0.070922218 0.978917599 65.312728882 -0.003537877 0.997429192 -0.071571119 -5.211491108 -0.981476963 0.010245963 0.191305757 57.555561066
0.191378385 0.069770172 0.979033351 65.945205688 -0.002500191 0.997501671 -0.070597574 -5.265694141 -0.981513083 0.011063079 0.191074714 57.673492432
0.189429164 0.069457553 0.979434609 66.572410583 -0.002692127 0.997527778 -0.070219979 -5.313836575 -0.981890619 0.010664950 0.189147875 57.798648834
0.188217878 0.070111677 0.979621589 67.186317444 -0.003964296 0.997494698 -0.070629194 -5.371396542 -0.982119262 0.009410166 0.188024282 57.903320312
0.185654715 0.072956704 0.979902864 67.794975281 -0.004464259 0.997292161 -0.073405586 -5.424971581 -0.982604861 0.009253553 0.185477719 58.027938843
0.183384210 0.076981738 0.980022430 68.384994507 -0.002562853 0.996963143 -0.077832878 -5.477974415 -0.983038008 0.011761667 0.183024585 58.130405426
0.181610584 0.077825814 0.980286121 68.980926514 -0.000330030 0.996868074 -0.079081148 -5.528076649 -0.983370483 0.014038447 0.181067467 58.234622955
0.179508299 0.076713555 0.980760872 69.560981750 -0.001024503 0.996968925 -0.077793822 -5.575798512 -0.983755946 0.012959845 0.179042816 58.332633972
0.176981688 0.073693044 0.981451392 70.133384705 -0.001216248 0.997208476 -0.074656866 -5.628336430 -0.984213412 0.012019211 0.176577285 58.434719086
0.174762174 0.069481932 0.982156098 70.702468872 -0.000415986 0.997512043 -0.070494272 -5.682356358 -0.984610617 0.011911170 0.174356297 58.532756805
0.173152596 0.068979256 0.982476473 71.248031616 0.003108302 0.997501135 -0.070581950 -5.729666233 -0.984890163 0.015275282 0.172505513 58.612636566
0.171427652 0.070613399 0.982662857 71.802413940 0.006478737 0.997325659 -0.072797291 -5.776846409 -0.985175490 0.018845886 0.170511723 58.701007843
0.168913037 0.072742671 0.982942998 72.337570190 0.010325293 0.997087538 -0.075563766 -5.822693825 -0.985576928 0.022912880 0.167669982 58.781105042
0.166816205 0.074621752 0.983160198 72.869361877 0.009712201 0.996959209 -0.077317014 -5.866389275 -0.985940158 0.022446381 0.165584192 58.871215820
0.165545538 0.077060252 0.983186901 73.405387878 0.009220281 0.996778011 -0.079677984 -5.915374756 -0.986159027 0.022255590 0.164301649 58.955684662
0.164616793 0.075629801 0.983453929 73.951927185 0.011221669 0.996847928 -0.078538187 -5.960896492 -0.986293733 0.023964699 0.163249239 59.037166595
0.164992318 0.074397326 0.983484983 74.490409851 0.017348986 0.996777833 -0.078313403 -6.005331993 -0.986142218 0.029983571 0.163169950 59.119632721
0.167131618 0.072654463 0.983254015 75.023986816 0.022253430 0.996749043 -0.077434234 -6.048414230 -0.985683382 0.034822479 0.164971471 59.198143005
0.169008404 0.071927823 0.982986569 75.561836243 0.025181660 0.996692896 -0.077260323 -6.095114231 -0.985292852 0.037810877 0.166638225 59.287704468
0.172659293 0.071945503 0.982350528 76.107391357 0.022101266 0.996794701 -0.076887906 -6.141734123 -0.984733641 0.034986593 0.170515791 59.376087189
0.178291053 0.072547816 0.981299698 76.655899048 0.020794736 0.996777773 -0.077470273 -6.190383911 -0.983758092 0.034218132 0.176207930 59.475051880
0.184783518 0.071707055 0.980159760 77.206092834 0.022151766 0.996777356 -0.077098913 -6.231710911 -0.982529521 0.035958875 0.182599604 59.578865051
0.192902178 0.072239548 0.978555083 77.770004272 0.019891998 0.996793270 -0.077507250 -6.275834084 -0.981016278 0.034416731 0.190846607 59.682907104
0.200851753 0.070062928 0.977112889 78.313598633 0.019954190 0.996939659 -0.075586282 -6.325766563 -0.979418457 0.034679126 0.198838994 59.805583954
0.210264951 0.069373026 0.975179970 78.879585266 0.016953554 0.997070432 -0.074585766 -6.378664494 -0.977497399 0.032215539 0.208472863 59.927127838
0.219665185 0.069196947 0.973118126 79.464599609 0.015106193 0.997120559 -0.074313685 -6.428395271 -0.975458384 0.031024236 0.217987329 60.068908691
0.230161309 0.072410926 0.970454752 80.040397644 0.010228183 0.996992707 -0.076816894 -6.479416370 -0.973098755 0.027606262 0.228728518 60.203262329
0.239476949 0.074430160 0.968044877 80.628387451 0.006907633 0.996901393 -0.078357659 -6.528066635 -0.970877409 0.025451757 0.238220751 60.363273621
0.250567645 0.077627599 0.964981794 81.220970154 0.002502936 0.996724606 -0.080831051 -6.575885296 -0.968095839 0.022668937 0.249552637 60.520053864
0.260934889 0.079547696 0.962073326 81.826484680 0.000934866 0.996577919 -0.082654215 -6.630855560 -0.965355992 0.022466781 0.259967506 60.692321777
0.270917416 0.080505989 0.959230185 82.415473938 -0.002457545 0.996551156 -0.082944162 -6.678100109 -0.962599456 0.020113671 0.270180970 60.862655640
0.281518757 0.080734782 0.956153333 83.036453247 -0.003040424 0.996524155 -0.083248392 -6.733003616 -0.959550858 0.020528870 0.280785680 61.048538208
0.291946441 0.081849463 0.952925920 83.670585632 -0.007504092 0.996496797 -0.083292872 -6.784047127 -0.956405222 0.017166214 0.291537911 61.247150421
0.302336991 0.076806732 0.950101614 84.310287476 -0.006271960 0.996887088 -0.078593045 -6.834992409 -0.953180432 0.017802591 0.301877588 61.453948975
0.313678980 0.070153095 0.946934044 84.951042175 -0.004321896 0.997362137 -0.072457373 -6.892261982 -0.949519277 0.018635804 0.313154668 61.661468506
0.325097531 0.065872386 0.943383515 85.610237122 -0.002546488 0.997628450 -0.068782538 -6.944169521 -0.945677102 0.019958714 0.324494213 61.883056641
0.335456640 0.062508121 0.939979494 86.277641296 -0.003778882 0.997877419 -0.065009691 -7.002665520 -0.942048073 0.018255863 0.334980845 62.126098633
0.345361739 0.060322262 0.936528981 86.941665649 0.002797971 0.997861445 -0.065304503 -7.043210983 -0.938465476 0.025174059 0.344454318 62.359245300
0.354433894 0.054827385 0.933472335 87.639122009 0.009748561 0.998008609 -0.062319387 -7.087174416 -0.935030282 0.031188114 0.353193611 62.609786987
0.361583084 0.045637742 0.931222260 88.338989258 0.019346260 0.998218834 -0.056433082 -7.136630535 -0.932139158 0.038420919 0.360056162 62.862899780
0.368620664 0.041557256 0.928650498 89.042839050 0.023887495 0.998246849 -0.054153658 -7.187796593 -0.929272950 0.042145293 0.366981715 63.129013062
0.376272053 0.041436423 0.925582170 89.742218018 0.026001211 0.998133600 -0.055254545 -7.243436813 -0.926144302 0.044857007 0.374492437 63.406833649
0.383927584 0.048325129 0.922097802 90.449745178 0.027778404 0.997573018 -0.063846529 -7.289969444 -0.922945261 0.050126851 0.381653339 63.691211700
0.391182274 0.052651633 0.918805838 91.148681641 0.031900648 0.996986389 -0.070713453 -7.340726376 -0.919760108 0.056972355 0.388323814 63.978279114
0.396806210 0.055057913 0.916249633 91.848602295 0.029795757 0.996900797 -0.072808117 -7.396231174 -0.917418659 0.056191064 0.393935949 64.274497986
0.400973737 0.056417897 0.914350629 92.532073975 0.022564644 0.997190714 -0.071424700 -7.460740089 -0.915811658 0.049271427 0.398574173 64.585189819
0.405022979 0.059787143 0.912349582 93.218582153 0.016062928 0.997240424 -0.072480999 -7.524846077 -0.914165378 0.044011466 0.402944952 64.896415710
0.409198403 0.063122705 0.910259426 93.887832642 0.015242769 0.996992111 -0.075989500 -7.584975243 -0.912318110 0.044969656 0.407005399 65.194755554
0.413260072 0.067379519 0.908116758 94.550018311 0.012159934 0.996761501 -0.079490356 -7.646884918 -0.910531819 0.043892838 0.411102414 65.493881226
0.416928321 0.070329778 0.906214356 95.205184937 0.009044052 0.996631682 -0.081507869 -7.713228226 -0.908894360 0.042178795 0.414887905 65.795448303
0.420765519 0.068812273 0.904555857 95.854850769 0.007712828 0.996811509 -0.079418167 -7.779469490 -0.907136559 0.040393110 0.418893188 66.097419739
0.425079077 0.065588750 0.902776778 96.495948792 0.008982435 0.997016430 -0.076664917 -7.840901375 -0.905111670 0.040697787 0.423221618 66.393501282
0.428597033 0.063106522 0.901289165 97.128067017 0.008601021 0.997227550 -0.073914059 -7.897072315 -0.903454781 0.039431352 0.426866025 66.689140320
0.432347447 0.061970439 0.899575114 97.750030518 0.007687794 0.997345924 -0.072400607 -7.962398529 -0.901674330 0.038217962 0.430723608 66.990402222
0.436003059 0.063538425 0.897699416 98.370193481 0.005441243 0.997300148 -0.073230840 -8.023958206 -0.899928749 0.036813471 0.434480220 67.287231445
0.438364327 0.064557120 0.896475971 98.965927124 0.005525121 0.997204721 -0.074512534 -8.085714340 -0.898780465 0.037616774 0.436782300 67.582511902
0.440785795 0.062569208 0.895428956 99.558128357 0.008137581 0.997247994 -0.073689759 -8.138916016 -0.897575557 0.039768022 0.439063579 67.857208252
0.442558736 0.061676085 0.894616067 100.147750854 0.010059369 0.997227669 -0.073726550 -8.191848755 -0.896683156 0.041627601 0.440711379 68.139305115
0.444407225 0.061408974 0.893717527 100.726493835 0.009119906 0.997285843 -0.073060267 -8.247707367 -0.895778477 0.040619139 0.442640960 68.429405212
0.446466476 0.060909163 0.892724931 101.292236328 0.010313967 0.997263908 -0.073199868 -8.303703308 -0.894740939 0.041888826 0.444616675 68.701911926
0.448873132 0.062924676 0.891377211 101.853691101 0.009416377 0.997129083 -0.075131796 -8.358227730 -0.893545926 0.042118192 0.446991920 68.988601685
0.451825738 0.062763028 0.889895558 102.398918152 0.012449102 0.996981382 -0.076636389 -8.415633202 -0.892019272 0.045704704 0.449680537 69.257621765
0.455012739 0.062051259 0.888320386 102.937774658 0.014447385 0.996923566 -0.077037632 -8.466410637 -0.890367746 0.047887016 0.452716440 69.518959045
0.458668381 0.060182441 0.886567175 103.476295471 0.017125685 0.996919930 -0.076533489 -8.522795677 -0.888442457 0.050286554 0.456224978 69.778450012
0.461867571 0.059443329 0.884954751 104.001037598 0.018554633 0.996885717 -0.076645724 -8.572352409 -0.886754751 0.051820189 0.459326267 70.046852112
0.465316445 0.058640812 0.883199811 104.513877869 0.019710667 0.996869206 -0.076572597 -8.626194000 -0.884924889 0.053038947 0.462703764 70.310424805
0.469233334 0.057908665 0.881173432 105.024749756 0.020043766 0.996892035 -0.076186918 -8.679290771 -0.882846653 0.053411480 0.466614306 70.570808411
0.472713202 0.057620760 0.879330456 105.524665833 0.021604169 0.996802211 -0.076932482 -8.727623940 -0.880951405 0.055364199 0.469956696 70.835021973
0.476813614 0.058974698 0.877023816 106.026420593 0.021245204 0.996682107 -0.078571431 -8.776542664 -0.878747702 0.056096476 0.473978668 71.100662231
0.480783671 0.059149269 0.874841928 106.509750366 0.023282552 0.996509194 -0.080170661 -8.832718849 -0.876530051 0.058913302 0.477728218 71.368194580
0.486088097 0.062448923 0.871675670 106.999114990 0.021368535 0.996295929 -0.083293132 -8.883270264 -0.873648465 0.059114244 0.482953131 71.633277893
0.491424859 0.068603404 0.868213773 107.482879639 0.017517276 0.995912492 -0.088608831 -8.937183380 -0.870743692 0.058753323 0.488214374 71.914718628
0.497372299 0.075793810 0.864219904 107.959342957 0.012455784 0.995449603 -0.094471410 -8.987966537 -0.867447793 0.057751998 0.494165003 72.195686340
0.503387809 0.082291432 0.860132992 108.432746887 0.006736952 0.995050550 -0.099142134 -9.046946526 -0.864034235 0.055701628 0.500341952 72.480545044
0.509462297 0.086615600 0.856122613 108.906768799 0.002757903 0.994751573 -0.102282137 -9.110374451 -0.860488594 0.054469999 0.506549537 72.781066895
0.515179813 0.086856224 0.852669775 109.388008118 -0.001432984 0.994937778 -0.100482397 -9.165407181 -0.857080996 0.050544638 0.512696385 73.078514099
0.520873904 0.086054325 0.849285007 109.880279541 -0.007806792 0.995344281 -0.096065909 -9.220323563 -0.853597999 0.043408033 0.519120693 73.389625549
0.526386142 0.083362162 0.846149206 110.367782593 -0.014321568 0.995910108 -0.089207128 -9.282884598 -0.850125074 0.034839209 0.525427103 73.716629028
0.532638371 0.081360169 0.842423201 110.864250183 -0.020854305 0.996328115 -0.083038546 -9.341871262 -0.846085846 0.026661374 0.532379389 74.024963379
0.538789272 0.079052493 0.838723361 111.366844177 -0.023271898 0.996604323 -0.078983590 -9.396884918 -0.842119098 0.023036832 0.538799286 74.356498718
0.545574963 0.082882412 0.833953440 111.880981445 -0.028270286 0.996351302 -0.080527797 -9.444530487 -0.837584972 0.020357847 0.545927525 74.698310852
0.551175654 0.087033451 0.829837680 112.391494751 -0.032670096 0.996033490 -0.082764722 -9.498403549 -0.833749413 0.018507021 0.551832795 75.058769226
0.557946265 0.090465687 0.824931502 112.915702820 -0.035112269 0.995723784 -0.085447215 -9.546444893 -0.829133987 0.018709736 0.558736861 75.413696289
0.564333141 0.092622802 0.820334733 113.438980103 -0.037594866 0.995538533 -0.086542159 -9.602710724 -0.824690580 0.017998248 0.565297663 75.780372620
