1.000000000 0.000000000 0.000000000 0.000000000 0.000000000 1.000000000 0.000000000 0.000000000 0.000000000 0.000000000 1.000000000 0.000000000
1.000000000 -0.000053674 0.000115743 -0.014566633 0.000053507 0.999998987 0.001442873 -0.012597851 -0.000115821 -0.001442867 0.999998927 1.315703630
0.999998510 -0.001587704 -0.000680766 -0.008928742 0.001588891 0.999997199 0.001746501 -0.039148562 0.000677991 -0.001747580 0.999998271 2.619772673
0.999995887 -0.002774435 -0.000661394 -0.015292215 0.002774920 0.999995887 0.000732892 -0.055192329 0.000659358 -0.000734724 0.999999464 3.930305719
0.999995232 -0.003025855 -0.000560041 -0.025149532 0.003026288 0.999995112 0.000773875 -0.072372213 0.000557696 -0.000775566 0.999999583 5.258718014
0.999992788 -0.003697647 -0.000772132 -0.021213558 0.003699054 0.999991477 0.001829429 -0.099877618 0.000765361 -0.001832272 0.999998033 6.579440594
0.999986291 -0.005198645 -0.000585539 -0.027422976 0.005200318 0.999982297 0.002890709 -0.114515610 0.000570501 -0.002893714 0.999995649 7.904113770
0.999989212 -0.004609295 -0.000578263 -0.037188672 0.004611291 0.999983191 0.003498016 -0.134736121 0.000562130 -0.003500645 0.999993742 9.240348816
0.999992907 -0.003684441 -0.000840564 -0.044977821 0.003685743 0.999991953 0.001552416 -0.150687471 0.000834837 -0.001555503 0.999998510 10.590040207
0.999998629 -0.001314623 -0.001006597 -0.054914739 0.001314400 0.999999106 -0.000222044 -0.178533480 0.001006888 0.000220720 0.999999464 11.919386864
0.999997020 0.002361728 -0.000577559 -0.076480292 -0.002362412 0.999996424 -0.001185685 -0.200429574 0.000574756 0.001187045 0.999999106 13.255512238
0.999989271 0.004606164 -0.000485218 -0.091463342 -0.004606793 0.999988496 -0.001303636 -0.221080780 0.000479207 0.001305857 0.999999046 14.601811409
0.999982238 0.005909292 -0.000666292 -0.094514593 -0.005909680 0.999982357 -0.000580202 -0.240292624 0.000662851 0.000584129 0.999999583 15.958749771
0.999994755 0.003233224 0.000114733 -0.106469661 -0.003233487 0.999991953 0.002372761 -0.265107691 -0.000107060 -0.002373120 0.999997199 17.316373825
0.999999583 -0.000909403 0.000236504 -0.109626524 0.000908370 0.999990225 0.004329211 -0.284758270 -0.000240439 -0.004328994 0.999990642 18.671583176
0.999994755 -0.003207505 -0.000128876 -0.113574289 0.003207737 0.999993086 0.001839396 -0.299822211 0.000122975 -0.001839799 0.999998331 20.015476227
0.999986649 -0.005150082 -0.000214495 -0.112790495 0.005150168 0.999986589 0.000403677 -0.330413431 0.000212413 -0.000404776 0.999999881 21.376354218
0.999997199 -0.002144094 0.001005589 -0.136700377 0.002145352 0.999996901 -0.001251938 -0.346614510 -0.001002902 0.001254092 0.999998689 22.722057343
0.999998748 0.000536859 0.001437061 -0.138755575 -0.000537785 0.999999583 0.000644550 -0.364717305 -0.001436714 -0.000645322 0.999998748 24.098442078
0.999996960 0.001284167 0.002065170 -0.148291945 -0.001293375 0.999989212 0.004463409 -0.385391772 -0.002059416 -0.004466066 0.999987960 25.465209961
0.999996543 -0.001175285 0.002332935 -0.142598554 0.001160517 0.999979317 0.006321215 -0.396603912 -0.002340316 -0.006318486 0.999977291 26.851032257
0.999979556 -0.006173835 0.001672463 -0.127992928 0.006166562 0.999971569 0.004319698 -0.415650040 -0.001699085 -0.004309296 0.999989212 28.265420914
0.999979377 -0.006242457 0.001610450 -0.128964037 0.006239086 0.999978304 0.002090876 -0.430495799 -0.001623467 -0.002080784 0.999996483 29.642541885
0.999973595 -0.006766916 0.002651043 -0.140542462 0.006767990 0.999976933 -0.000396488 -0.452824086 -0.002648298 0.000414420 0.999996424 31.006557465
0.999988496 -0.003319209 0.003466386 -0.154092252 0.003322616 0.999993920 -0.000977589 -0.476317048 -0.003463120 0.000989096 0.999993563 32.384574890
0.999989927 -0.002529437 0.003712790 -0.154900104 0.002541125 0.999991834 -0.003146665 -0.502454400 -0.003704801 0.003156068 0.999988139 33.770149231
0.999991298 -0.001939960 0.003680852 -0.151901022 0.001949164 0.999994993 -0.002498511 -0.525469005 -0.003675986 0.002505665 0.999990106 35.163421631
0.999991715 -0.001066773 0.003927115 -0.168340027 0.001073191 0.999998093 -0.001632444 -0.547670305 -0.003925366 0.001636645 0.999990940 36.549354553
0.999993861 0.000185919 0.003500383 -0.171620890 -0.000186094 1.000000000 0.000049653 -0.571368337 -0.003500373 -0.000050304 0.999993861 37.949508667
0.999989569 0.002757013 0.003628357 -0.176737562 -0.002759210 0.999996006 0.000600909 -0.601356804 -0.003626686 -0.000610914 0.999993205 39.355369568
0.999977052 0.005304263 0.004206224 -0.190843225 -0.005304791 0.999985933 0.000114300 -0.620307803 -0.004205558 -0.000136611 0.999991179 40.742938995
0.999966621 0.007267284 0.003722087 -0.186429814 -0.007269117 0.999973476 0.000479349 -0.640435040 -0.003718504 -0.000506390 0.999992907 42.169647217
0.999962211 0.008014427 0.003369228 -0.189593583 -0.008015606 0.999967813 0.000336200 -0.658457756 -0.003366425 -0.000363193 0.999994218 43.572132111
0.999970078 0.007132257 0.002988514 -0.197457835 -0.007133261 0.999974430 0.000325368 -0.683802247 -0.002986117 -0.000346676 0.999995470 44.980434418
0.999980569 0.005910930 0.001974051 -0.192104712 -0.005910566 0.999982476 -0.000190692 -0.702163815 -0.001975143 0.000179020 0.999998093 46.383567810
0.999986887 0.005006956 0.001088489 -0.198089302 -0.005007356 0.999987423 0.000365967 -0.731878459 -0.001086643 -0.000371413 0.999999344 47.796028137
0.999985754 0.005334880 -0.000005295 -0.201631129 -0.005334869 0.999985099 0.001180478 -0.747466207 0.000011592 -0.001180433 0.999999344 49.225318909
0.999983191 0.005663508 -0.001178301 -0.211188048 -0.005661913 0.999983072 0.001353325 -0.778134048 0.001185946 -0.001346631 0.999998391 50.634647369
0.999981105 0.005713814 -0.002243876 -0.225311160 -0.005709707 0.999982059 0.001832360 -0.796663880 0.002254306 -0.001819514 0.999995768 52.048480988
0.999978244 0.005781481 -0.003173463 -0.244338810 -0.005772136 0.999978960 0.002945800 -0.821274459 0.003190428 -0.002927418 0.999990642 53.449962616
0.999983251 0.004357479 -0.003809178 -0.255279571 -0.004343019 0.999983370 0.003796078 -0.838544607 0.003825656 -0.003779471 0.999985576 54.889099121
0.999987006 0.002373995 -0.004506148 -0.267622203 -0.002354862 0.999988198 0.004246451 -0.860898614 0.004516175 -0.004235785 0.999980748 56.305152893
0.999986887 -0.000337023 -0.005117549 -0.276071131 0.000357735 0.999991775 0.004046741 -0.881305814 0.005116142 -0.004048518 0.999978662 57.731575012
0.999986529 -0.001155567 -0.005051832 -0.298332691 0.001175964 0.999991179 0.004036458 -0.901071548 0.005047122 -0.004042345 0.999979079 59.116081238
0.999987364 -0.002155988 -0.004536147 -0.306396663 0.002175403 0.999988496 0.004279638 -0.913585782 0.004526867 -0.004289452 0.999980509 60.542785645
0.999986827 -0.003414841 -0.003869473 -0.326104790 0.003435232 0.999980211 0.005275385 -0.935260892 0.003851383 -0.005288607 0.999978602 61.956584930
0.999981463 -0.005182183 -0.003228837 -0.345007569 0.005199586 0.999971926 0.005404974 -0.962481022 0.003200737 -0.005421661 0.999980211 63.361873627
0.999969482 -0.007286696 -0.002808765 -0.351671040 0.007298601 0.999964297 0.004252036 -0.978363276 0.002777681 -0.004272407 0.999986947 64.757583618
0.999969840 -0.007389216 -0.002353990 -0.352845013 0.007398408 0.999964893 0.003920611 -0.995280623 0.002324937 -0.003937909 0.999989510 66.175376892
0.999984741 -0.005300136 -0.001549281 -0.368154228 0.005305888 0.999978960 0.003731478 -1.019101501 0.001529471 -0.003739642 0.999991775 67.567848206
0.999996960 -0.002294478 -0.000891577 -0.385437489 0.002298973 0.999984443 0.005073783 -1.039270997 0.000879922 -0.005075818 0.999986649 68.961921692
0.999999702 0.000776057 0.000081328 -0.404392332 -0.000776578 0.999977767 0.006612970 -1.061685681 -0.000076194 -0.006613031 0.999978125 70.353088379
0.999986708 0.005087567 0.000845842 -0.414822340 -0.005093456 0.999961734 0.007113459 -1.080766082 -0.000809620 -0.007117672 0.999974370 71.751480103
0.999959230 0.008945032 0.001237581 -0.424209803 -0.008953058 0.999937892 0.006639809 -1.094586849 -0.001178111 -0.006650618 0.999977291 73.154525757
0.999920309 0.012440777 0.002122040 -0.444401681 -0.012453219 0.999904752 0.005954577 -1.114472628 -0.002047758 -0.005980529 0.999979973 74.546142578
0.999894202 0.014275669 0.002800743 -0.451739907 -0.014291793 0.999880910 0.005823982 -1.132241964 -0.002717268 -0.005863394 0.999979138 75.938911438
0.999897480 0.014012582 0.002944239 -0.456084013 -0.014030401 0.999882817 0.006121136 -1.144250870 -0.002858121 -0.006161816 0.999976873 77.339157104
0.999895334 0.014056805 0.003417481 -0.468845427 -0.014076232 0.999884605 0.005728845 -1.161706328 -0.003336557 -0.005776350 0.999977708 78.718444824
0.999921978 0.012049369 0.003288805 -0.470853060 -0.012065744 0.999914646 0.005005214 -1.187732100 -0.003228215 -0.005044505 0.999982059 80.103935242
0.999930620 0.011373697 0.003051316 -0.477174580 -0.011389966 0.999920726 0.005367293 -1.207211375 -0.002990028 -0.005401676 0.999980927 81.486312866
0.999932468 0.011336853 0.002557563 -0.473280460 -0.011349995 0.999922156 0.005183908 -1.228217840 -0.002498595 -0.005212587 0.999983251 82.865364075
0.999945045 0.010313232 0.001898440 -0.476101220 -0.010322304 0.999935031 0.004832469 -1.242373824 -0.001848478 -0.004851799 0.999986529 84.248123169
0.999943435 0.010542551 0.001416244 -0.496475220 -0.010549647 0.999931455 0.005098766 -1.251905918 -0.001362393 -0.005113418 0.999985993 85.619163513
0.999944568 0.010532795 0.000173338 -0.493846208 -0.010533602 0.999928832 0.005606838 -1.272719383 -0.000114270 -0.005608352 0.999984324 86.979461670
0.999968648 0.007908592 -0.000429154 -0.511268914 -0.007905316 0.999943078 0.007167940 -1.303359509 0.000485818 -0.007164323 0.999974191 88.364906311
0.999984205 0.005396859 -0.001573996 -0.525822103 -0.005384860 0.999957144 0.007531187 -1.313386679 0.001614574 -0.007522593 0.999970376 89.737213135
0.999991179 0.003187940 -0.002728445 -0.526562035 -0.003166095 0.999963224 0.007973568 -1.341935277 0.002753764 -0.007964860 0.999964416 91.120941162
0.999991536 0.002451469 -0.003299234 -0.537082195 -0.002427778 0.999971390 0.007165662 -1.354827166 0.003316706 -0.007157592 0.999968827 92.489356995
0.999993622 0.001554102 -0.003224089 -0.551348567 -0.001532031 0.999975443 0.006836921 -1.370975018 0.003234635 -0.006831937 0.999971390 93.818679810
0.999991775 0.001809641 -0.003634789 -0.561879873 -0.001787675 0.999980211 0.006037324 -1.382098675 0.003645643 -0.006030777 0.999975204 95.175415039
0.999993086 0.001517746 -0.003393396 -0.573000908 -0.001498780 0.999983251 0.005584376 -1.405010581 0.003401815 -0.005579251 0.999978662 96.545249939
0.999991596 0.002433029 -0.003315518 -0.589543819 -0.002416249 0.999984384 0.005055815 -1.425867558 0.003327767 -0.005047761 0.999981701 97.880752563
0.999989569 0.003447370 -0.003035953 -0.603230894 -0.003431285 0.999980152 0.005287651 -1.444711566 0.003054121 -0.005277178 0.999981403 99.219902039
0.999987602 0.004072266 -0.002855830 -0.614392221 -0.004052646 0.999968410 0.006842883 -1.460055470 0.002883606 -0.006831224 0.999972463 100.559318542
0.999984026 0.004891552 -0.002834198 -0.633031607 -0.004867906 0.999953806 0.008291037 -1.481554389 0.002874623 -0.008277109 0.999961555 101.906280518
0.999987662 0.004399115 -0.002322821 -0.648930013 -0.004383100 0.999966919 0.006855142 -1.493728876 0.002352901 -0.006844876 0.999973774 103.240951538
0.999986947 0.004563744 -0.002358519 -0.660749853 -0.004553082 0.999979496 0.004506414 -1.512333274 0.002379038 -0.004495617 0.999987006 104.547554016
0.999990165 0.003524125 -0.002717207 -0.665095568 -0.003515888 0.999989212 0.003029869 -1.524494290 0.002727855 -0.003020286 0.999991655 105.901947021
0.999996126 0.001326243 -0.002440454 -0.680414736 -0.001314765 0.999988079 0.004698887 -1.551014185 0.002446657 -0.004695660 0.999985993 107.213233948
0.999997973 -0.001147639 -0.001656321 -0.692194164 0.001158506 0.999977708 0.006575204 -1.564957619 0.001648738 -0.006577109 0.999977052 108.556282043
0.999997139 -0.002203372 -0.000928995 -0.696046233 0.002209865 0.999972701 0.007046686 -1.580660939 0.000913443 -0.007048720 0.999974668 109.884033203
0.999994516 -0.003265764 -0.000550151 -0.696798027 0.003268905 0.999977767 0.005809146 -1.596809864 0.000531168 -0.005810913 0.999982893 111.204124451
0.999999464 -0.000940830 0.000429908 -0.710645556 0.000939394 0.999994040 0.003328049 -1.612469435 -0.000433037 -0.003327643 0.999994397 112.530654907
0.999997556 0.001233085 0.001824124 -0.717112720 -0.001235082 0.999998629 0.001094120 -1.629319787 -0.001822772 -0.001096370 0.999997795 113.876655579
0.999983847 0.004787139 0.003058536 -0.729397893 -0.004790649 0.999987900 0.001141373 -1.648750782 -0.003053035 -0.001156007 0.999994636 115.176155090
0.999970376 0.006160527 0.004612408 -0.737172186 -0.006173427 0.999977052 0.002787911 -1.664715171 -0.004595126 -0.002816303 0.999985516 116.516845703
0.999966025 0.006003462 0.005652290 -0.738675177 -0.006032512 0.999968588 0.005136710 -1.687641382 -0.005621274 -0.005170634 0.999970853 117.834968567
0.999963760 0.005457744 0.006540745 -0.739167392 -0.005494148 0.999969423 0.005560919 -1.701574564 -0.006510196 -0.005596653 0.999963164 119.171791077
0.999955952 0.005945472 0.007266136 -0.734445572 -0.005981637 0.999969780 0.004965803 -1.713894129 -0.007236393 -0.005009049 0.999961257 120.509170532
0.999933422 0.007636121 0.008657455 -0.731490731 -0.007675022 0.999960542 0.004469231 -1.729752660 -0.008622986 -0.004535379 0.999952555 121.851219177
0.999900162 0.010154254 0.009827596 -0.738124967 -0.010193920 0.999940038 0.003994414 -1.744148612 -0.009786447 -0.004094198 0.999943733 123.182167053
0.999881148 0.010598782 0.011191079 -0.739071131 -0.010632049 0.999939203 0.002917520 -1.758417845 -0.011159478 -0.003036157 0.999933124 124.519508362
0.999859869 0.011858193 0.011818805 -0.727751017 -0.011884617 0.999926984 0.002167932 -1.782309532 -0.011792232 -0.002308090 0.999927819 125.861114502
0.999856770 0.010918110 0.012934796 -0.721103907 -0.010943737 0.999938250 0.001912154 -1.798296332 -0.012913118 -0.002053436 0.999914527 127.205383301
0.999855280 0.010205245 0.013606810 -0.707569003 -0.010253033 0.999941409 0.003447081 -1.826078773 -0.013570836 -0.003586093 0.999901414 128.548004150
0.999859512 0.008908236 0.014195667 -0.692863703 -0.008965819 0.999951780 0.003997987 -1.842437744 -0.014159366 -0.004124700 0.999891222 129.878952026
0.999851823 0.008532626 0.014952745 -0.691706657 -0.008598633 0.999953508 0.004355718 -1.857407808 -0.014914884 -0.004483645 0.999878705 131.253280640
0.999870181 0.006267189 0.014843146 -0.673442006 -0.006331391 0.999970794 0.004282278 -1.869029760 -0.014815873 -0.004375700 0.999880672 132.603088379
0.999882042 0.004819103 0.014582830 -0.662565112 -0.004895619 0.999974430 0.005215763 -1.894655943 -0.014557325 -0.005286540 0.999880016 133.961029053
0.999893248 0.003112409 0.014272953 -0.655685544 -0.003180909 0.999983549 0.004779124 -1.908182621 -0.014257844 -0.004824014 0.999886751 135.304244995
0.999912620 0.001983853 0.013073067 -0.645955801 -0.002045673 0.999986827 0.004717067 -1.923228621 -0.013063538 -0.004743398 0.999903381 136.638046265
0.999929905 0.000292686 0.011835516 -0.629074574 -0.000360097 0.999983728 0.005693966 -1.941644669 -0.011833656 -0.005697828 0.999913752 138.014007568
0.999938905 -0.001064703 0.011002156 -0.625041485 0.000998054 0.999981105 0.006061580 -1.959122896 -0.011008400 -0.006050230 0.999921083 139.358001709
0.999953985 -0.001287417 0.009506289 -0.612643242 0.001233977 0.999983370 0.005625299 -1.973011613 -0.009513376 -0.005613309 0.999938905 140.708053589
0.999962389 -0.002041134 0.008433969 -0.609765172 0.001996570 0.999984026 0.005288955 -1.992051125 -0.008444630 -0.005271917 0.999950409 142.045608521
0.999969602 -0.001791334 0.007586617 -0.608213067 0.001752964 0.999985635 0.005061333 -2.012088776 -0.007595576 -0.005047881 0.999958396 143.383438110
0.999967933 -0.004305646 0.006748854 -0.610305786 0.004287269 0.999987066 0.002735104 -2.029746294 -0.006760544 -0.002706082 0.999973476 144.715637207
0.999934494 -0.010011205 0.005551645 -0.591561675 0.009998761 0.999947429 0.002265039 -2.046890736 -0.005574029 -0.002209380 0.999981940 146.088333130
0.999843657 -0.016877579 0.005272944 -0.597462296 0.016853603 0.999847591 0.004559356 -2.062270164 -0.005349091 -0.004469775 0.999975622 147.428482056
0.999706864 -0.024019241 0.003037174 -0.578232288 0.024000881 0.999694288 0.005943540 -2.079860449 -0.003179004 -0.005868902 0.999977648 148.798446655
0.999612808 -0.027778171 0.001648903 -0.559710920 0.027774051 0.999611259 0.002474047 -2.094087839 -0.001716987 -0.002427293 0.999995530 150.155212402
0.999644995 -0.026516395 0.002609405 -0.570820689 0.026518032 0.999648273 -0.000596274 -2.120948792 -0.002592676 0.000665259 0.999996424 151.506530762
0.999733031 -0.022851717 0.003423529 -0.579966128 0.022860438 0.999735415 -0.002530236 -2.146497250 -0.003364803 0.002607824 0.999990940 152.832504272
0.999710143 -0.023644464 0.004533448 -0.584619403 0.023654841 0.999717653 -0.002249060 -2.179973841 -0.004478991 0.002355647 0.999987185 154.207199097
0.999628186 -0.026738025 0.005365797 -0.588385999 0.026732322 0.999642015 0.001132544 -2.202892303 -0.005394158 -0.000988682 0.999984980 155.552551270
0.999450564 -0.032628998 0.005825947 -0.577835321 0.032605510 0.999459982 0.004083655 -2.228416920 -0.005956045 -0.003891453 0.999974668 156.913848877
0.999325871 -0.036313817 0.005386669 -0.565380394 0.036283206 0.999325454 0.005674792 -2.245409012 -0.005589109 -0.005475521 0.999969423 158.248474121
0.999273598 -0.037634544 0.005982187 -0.557559371 0.037602592 0.999278307 0.005366887 -2.261888027 -0.006179851 -0.005138043 0.999967694 159.627029419
0.999347866 -0.035471808 0.006754887 -0.552178502 0.035431705 0.999354243 0.005967317 -2.274267912 -0.006962197 -0.005724088 0.999959350 160.978668213
0.999470174 -0.031507220 0.008158239 -0.551366091 0.031465329 0.999491274 0.005213278 -2.292515755 -0.008318345 -0.004953816 0.999953091 162.334060669
0.999555707 -0.028340755 0.009225146 -0.562601805 0.028312247 0.999593973 0.003206224 -2.314066410 -0.009312267 -0.002943616 0.999952257 163.682861328
0.999623775 -0.025473751 0.010168443 -0.555443525 0.025450474 0.999673188 0.002412342 -2.329586029 -0.010226573 -0.002152643 0.999945343 165.035598755
0.999677539 -0.023051005 0.010654571 -0.562108278 0.023013972 0.999728739 0.003585402 -2.348837614 -0.010734330 -0.003339042 0.999936819 166.381500244
0.999723554 -0.021302771 0.009948314 -0.541764855 0.021270573 0.999768198 0.003330993 -2.373438120 -0.010016968 -0.003118466 0.999945045 167.750259399
0.999780297 -0.018627599 0.009613515 -0.537268281 0.018624486 0.999826491 0.000412952 -2.383079767 -0.009619541 -0.000233815 0.999953687 169.119964600
0.999852419 -0.014542605 0.009147820 -0.535187721 0.014566300 0.999890685 -0.002528671 -2.402772427 -0.009110047 0.002661548 0.999954939 170.471481323
0.999915898 -0.009211791 0.009126873 -0.538525820 0.009244654 0.999951005 -0.003565219 -2.432696342 -0.009093584 0.003649294 0.999952018 171.843002319
0.999942899 -0.004877216 0.009500051 -0.543507695 0.004900337 0.999985099 -0.002411999 -2.455669880 -0.009488144 0.002458415 0.999951899 173.210357666
0.999947011 -0.001786207 0.010138100 -0.545975447 0.001791847 0.999998271 -0.000547233 -2.478976965 -0.010137104 0.000565370 0.999948442 174.570297241
0.999946892 -0.000892340 0.010268246 -0.545289159 0.000878469 0.999998689 0.001355264 -2.496213675 -0.010269442 -0.001346172 0.999946356 175.942764282
0.999949038 -0.004340342 0.009109668 -0.535706162 0.004318560 0.999987721 0.002409336 -2.517268658 -0.009120014 -0.002369872 0.999955595 177.315063477
0.999958515 -0.005613559 0.007176407 -0.521350384 0.005598073 0.999981940 0.002176230 -2.528414011 -0.007188496 -0.002135966 0.999971867 178.709808350
0.999961972 -0.006784786 0.005474161 -0.529217064 0.006793336 0.999975741 -0.001544700 -2.563665390 -0.005463548 0.001581830 0.999983847 180.068435669
0.999979138 -0.005236864 0.003779278 -0.524596035 0.005258944 0.999969006 -0.005856401 -2.585819483 -0.003748492 0.005876154 0.999975681 181.463012695
0.999994814 0.000020520 0.003253976 -0.536800504 0.000000513 0.999979079 -0.006463646 -2.619187355 -0.003254041 0.006463613 0.999973834 182.868835449
0.999988258 0.003719563 0.003097929 -0.546748042 -0.003702122 0.999977350 -0.005616885 -2.649078369 -0.003118751 0.005605349 0.999979436 184.259841919
0.999977529 0.005710537 0.003503213 -0.558698833 -0.005703656 0.999981821 -0.001970823 -2.680900097 -0.003514403 0.001950798 0.999991894 185.645797729
0.999972403 0.006405233 0.003768787 -0.560632110 -0.006405727 0.999979496 0.000119152 -2.704572678 -0.003767947 -0.000143290 0.999992907 187.035476685
0.999976158 0.005768096 0.003803516 -0.561101973 -0.005770748 0.999983072 0.000686480 -2.718364000 -0.003799491 -0.000708412 0.999992549 188.450775146
0.999984980 0.003969199 0.003805342 -0.563660204 -0.003973510 0.999991477 0.001125790 -2.736008883 -0.003800841 -0.001140893 0.999992132 189.864761353
0.999990821 0.001706359 0.003932383 -0.559660435 -0.001713435 0.999996901 0.001796697 -2.759719133 -0.003929305 -0.001803418 0.999990582 191.305358887
0.999990582 -0.000963521 0.004214091 -0.561547756 0.000955510 0.999997735 0.001902616 -2.779244423 -0.004215914 -0.001898572 0.999989271 192.734298706
0.999980450 -0.004283296 0.004549213 -0.560155571 0.004270009 0.999986529 0.002926427 -2.800581694 -0.004561688 -0.002906945 0.999985337 194.131683350
0.999948740 -0.008739946 0.005103382 -0.561477840 0.008718069 0.999952734 0.004293519 -2.817763090 -0.005140667 -0.004248807 0.999977767 195.556457520
0.999917448 -0.011667134 0.005377691 -0.550968051 0.011642445 0.999921620 0.004599664 -2.841981649 -0.005430935 -0.004536675 0.999974966 196.986755371
0.999937713 -0.009583621 0.005719928 -0.551804185 0.009583464 0.999954104 0.000054897 -2.859302282 -0.005720192 -0.000000076 0.999983668 198.423736572
0.999979675 -0.002238842 0.005970676 -0.554663420 0.002267807 0.999985695 -0.004848886 -2.880551815 -0.005959734 0.004862329 0.999970376 199.845596313
0.999945343 0.007084373 0.007683667 -0.576670885 -0.007045957 0.999962628 -0.005015441 -2.909183979 -0.007718911 0.004961028 0.999957919 201.288513184
0.999855936 0.014565592 0.008715316 -0.590981603 -0.014554776 0.999893248 -0.001303105 -2.934835672 -0.008733368 0.001176068 0.999961197 202.716873169
0.999836087 0.015395643 0.009525964 -0.592356563 -0.015405916 0.999880791 0.001006134 -2.964884043 -0.009509339 -0.001152726 0.999954104 204.152084351
0.999866307 0.013525372 0.009184281 -0.585071802 -0.013536900 0.999907672 0.001194497 -2.980201721 -0.009167277 -0.001318665 0.999957025 205.600204468
0.999915957 0.010055757 0.008173782 -0.578583598 -0.010065659 0.999948621 0.001171029 -3.004073620 -0.008161590 -0.001253206 0.999965847 207.047607422
0.999933600 0.008766638 0.007483112 -0.577643871 -0.008772642 0.999961197 0.000770069 -3.025327921 -0.007476070 -0.000835664 0.999971688 208.512741089
0.999937415 0.008955783 0.006712822 -0.567685485 -0.008960001 0.999959588 0.000598446 -3.048707485 -0.006707192 -0.000658555 0.999977231 209.984619141
0.999926865 0.010079519 0.006686114 -0.573402643 -0.010082830 0.999949038 0.000461471 -3.070730448 -0.006681121 -0.000528852 0.999977529 211.433990479
0.999924362 0.010485405 0.006430100 -0.570145249 -0.010494905 0.999943852 0.001445322 -3.097414732 -0.006414584 -0.001512696 0.999978244 212.891265869
0.999923170 0.010643971 0.006346136 -0.574511409 -0.010650812 0.999942839 0.001045481 -3.119836807 -0.006334646 -0.001112993 0.999979258 214.370391846
0.999932468 0.009974158 0.005961814 -0.568856835 -0.009975503 0.999950290 0.000196486 -3.149060726 -0.005959557 -0.000255945 0.999982178 215.849075317
0.999940455 0.009296760 0.005703861 -0.568513513 -0.009295277 0.999956787 -0.000286196 -3.165362358 -0.005706276 0.000233160 0.999983668 217.316207886
0.999939442 0.009598782 0.005387898 -0.570460081 -0.009597408 0.999953926 -0.000280823 -3.190051794 -0.005390347 0.000229096 0.999985456 218.795837402
0.999937594 0.009881819 0.005212975 -0.572239518 -0.009879467 0.999951005 -0.000476189 -3.212603092 -0.005217426 0.000424658 0.999986291 220.279602051
0.999936223 0.010169229 0.004926158 -0.578154206 -0.010165608 0.999948025 -0.000759154 -3.235818148 -0.004933622 0.000709029 0.999987602 221.757888794
0.999932468 0.010679116 0.004581332 -0.578402877 -0.010675321 0.999942601 -0.000852040 -3.263447285 -0.004590169 0.000803075 0.999989152 223.240356445
0.999934196 0.010580470 0.004434780 -0.583542228 -0.010577108 0.999943733 -0.000780880 -3.289485931 -0.004442792 0.000733922 0.999989867 224.718597412
0.999930024 0.011081668 0.004147612 -0.589161158 -0.011077829 0.999938190 -0.000947236 -3.312540054 -0.004157853 0.000901223 0.999990880 226.225006104
0.999940872 0.010031998 0.004185507 -0.591869473 -0.010027154 0.999948978 -0.001176429 -3.334487677 -0.004197097 0.001134391 0.999990523 227.723068237
0.999950409 0.009040982 0.004181571 -0.593482792 -0.009036311 0.999958515 -0.001134664 -3.365074635 -0.004191656 0.001096822 0.999990642 229.216552734
0.999957979 0.007842738 0.004744102 -0.601054072 -0.007839405 0.999969006 -0.000720828 -3.393747330 -0.004749608 0.000683606 0.999988496 230.715789795
0.999967694 0.006457041 0.004782717 -0.599098086 -0.006456984 0.999979138 -0.000027450 -3.416767836 -0.004782794 -0.000003433 0.999988556 232.232513428
0.999969482 0.006347407 0.004564871 -0.596236944 -0.006348446 0.999979854 0.000212841 -3.440219402 -0.004563428 -0.000241815 0.999989569 233.737701416
0.999964297 0.006981425 0.004754596 -0.604005694 -0.006980372 0.999975622 -0.000237968 -3.470033407 -0.004756141 0.000204771 0.999988675 235.252395630
0.999958515 0.007616326 0.005001219 -0.602157116 -0.007612927 0.999970734 -0.000698743 -3.497662544 -0.005006395 0.000660640 0.999987245 236.760101318
0.999947309 0.008703608 0.005450544 -0.604438066 -0.008703801 0.999962151 0.000011543 -3.524140596 -0.005450237 -0.000058983 0.999985158 238.261093140
0.999931633 0.009655198 0.006591538 -0.614646316 -0.009668577 0.999951243 0.002000729 -3.546472073 -0.006571899 -0.002064323 0.999976277 239.780395508
0.999928355 0.009513995 0.007258009 -0.614770174 -0.009531280 0.999951839 0.002350281 -3.567914963 -0.007235298 -0.002419291 0.999970913 241.286270142
0.999917090 0.010092591 0.007993311 -0.610487819 -0.010099916 0.999948621 0.000876454 -3.591045141 -0.007984054 -0.000957113 0.999967694 242.788726807
0.999909818 0.010420113 0.008476527 -0.600372791 -0.010414815 0.999945641 -0.000669124 -3.611272335 -0.008483037 0.000580782 0.999963880 244.307647705
0.999908805 0.010413229 0.008589433 -0.596822500 -0.010414738 0.999945760 0.000130844 -3.640083313 -0.008587603 -0.000220288 0.999963105 245.828933716
0.999917686 0.009987346 0.008053496 -0.579562426 -0.009997598 0.999949276 0.001234004 -3.664046764 -0.008040761 -0.001314418 0.999966800 247.360244751
0.999904871 0.010939072 0.008405043 -0.586353064 -0.010951092 0.999939144 0.001385585 -3.685583115 -0.008389375 -0.001477497 0.999963701 248.885574341
0.999913871 0.010627091 0.007690459 -0.576261282 -0.010641551 0.999941707 0.001841868 -3.716907263 -0.007670436 -0.001923547 0.999968648 250.433135986
0.999896049 0.011967103 0.008031664 -0.572701454 -0.011984932 0.999925852 0.002175508 -3.739737034 -0.008005033 -0.002271541 0.999965310 251.970962524
0.999870539 0.013767696 0.008328450 -0.578809977 -0.013784857 0.999902964 0.002006635 -3.762129784 -0.008300014 -0.002121181 0.999963224 253.507888794
0.999862194 0.014069777 0.008811935 -0.581675291 -0.014089120 0.999898434 0.002136973 -3.780595303 -0.008780972 -0.002260831 0.999958873 255.040786743
0.999882936 0.012751702 0.008454305 -0.575884104 -0.012773272 0.999915242 0.002502114 -3.807698727 -0.008421684 -0.002609810 0.999961078 256.601013184
0.999901950 0.011149616 0.008459291 -0.568202496 -0.011177304 0.999932289 0.003232744 -3.827435970 -0.008422676 -0.003326979 0.999958992 258.129180908
0.999923527 0.008772451 0.008712528 -0.563163519 -0.008805270 0.999954283 0.003735803 -3.842340231 -0.008679358 -0.003812234 0.999955058 259.647644043
0.999934196 0.007254625 0.008883351 -0.567105532 -0.007282932 0.999968469 0.003158376 -3.865772247 -0.008860158 -0.003222865 0.999955535 261.194793701
0.999943435 0.006056357 0.008740381 -0.565039396 -0.006075533 0.999979138 0.002169026 -3.885346413 -0.008727065 -0.002222005 0.999959469 262.742523193
0.999948978 0.004377599 0.009101406 -0.550362110 -0.004413597 0.999982417 0.003938763 -3.909209251 -0.009084005 -0.003978732 0.999950826 264.297943115
0.999949574 0.002182232 0.009804999 -0.544752121 -0.002240914 0.999979556 0.005977773 -3.931663990 -0.009791757 -0.005999444 0.999934077 265.845886230
0.999955893 0.001359248 0.009294101 -0.526749134 -0.001403913 0.999987483 0.004800985 -3.945183039 -0.009287457 -0.004813821 0.999945283 267.432373047
0.999951601 0.000738570 0.009803420 -0.514710665 -0.000776605 0.999992192 0.003876495 -3.962646484 -0.009800479 -0.003883921 0.999944448 268.984313965
0.999942780 0.001417171 0.010600417 -0.504489183 -0.001454898 0.999992549 0.003552114 -3.983899832 -0.010595304 -0.003567334 0.999937534 270.549896240
0.999928296 0.003117981 0.011558979 -0.499120474 -0.003161749 0.999987841 0.003770160 -4.007448673 -0.011547084 -0.003806437 0.999926150 272.083038330
0.999911964 0.004642060 0.012429945 -0.491679907 -0.004682944 0.999983728 0.003262001 -4.026687622 -0.012414599 -0.003319923 0.999917448 273.628631592
0.999895632 0.005918044 0.013178446 -0.475393534 -0.005960827 0.999977171 0.003209475 -4.050644875 -0.013159150 -0.003287695 0.999908090 275.188568115
0.999877632 0.006620551 0.014174131 -0.457638025 -0.006661041 0.999973834 0.002811368 -4.072728157 -0.014155148 -0.002905439 0.999895573 276.730712891
0.999868453 0.006990442 0.014628805 -0.443128586 -0.007019425 0.999973416 0.001930880 -4.094060421 -0.014614916 -0.002033312 0.999891102 278.286193848
0.999858677 0.005952047 0.015719978 -0.433558464 -0.005978511 0.999980807 0.001637023 -4.117634773 -0.015709933 -0.001730774 0.999875009 279.855194092
0.999843299 0.005727484 0.016747864 -0.417931080 -0.005761707 0.999981403 0.001995920 -4.143008709 -0.016736122 -0.002092104 0.999857724 281.415191650
0.999837935 0.004678603 0.017383153 -0.401085377 -0.004729043 0.999984741 0.002861710 -4.162702560 -0.017369496 -0.002943452 0.999844790 282.981567383
0.999835312 0.003786374 0.017746516 -0.381898403 -0.003836343 0.999988794 0.002782479 -4.182204247 -0.017735783 -0.002850102 0.999838650 284.538482666
0.999843538 0.003502613 0.017334253 -0.353613853 -0.003514060 0.999993622 0.000629946 -4.209225655 -0.017331932 -0.000690761 0.999849498 286.099792480
0.999853671 0.001810471 0.017006319 -0.327123642 -0.001780446 0.999996781 -0.001780502 -4.232733250 -0.017009486 0.001749963 0.999853790 287.668243408
0.999861121 0.002235925 0.016514657 -0.308500290 -0.002209874 0.999996305 -0.001595537 -4.259571552 -0.016518164 0.001558820 0.999862373 289.226043701
0.999877274 0.001007932 0.015635250 -0.290585995 -0.000982987 0.999998212 -0.001603072 -4.282177925 -0.015636837 0.001587506 0.999876499 290.777343750
0.999891758 0.000949148 0.014684987 -0.284701347 -0.000914083 0.999996781 -0.002394371 -4.304753780 -0.014687208 0.002380689 0.999889374 292.317749023
0.999903798 0.001305188 0.013806628 -0.253942013 -0.001266284 0.999995232 -0.002826113 -4.335658550 -0.013810252 0.002808359 0.999900699 293.890899658
0.999916494 0.001139937 0.012883795 -0.234097004 -0.001111590 0.999996960 -0.002207144 -4.367201805 -0.012886274 0.002192638 0.999914587 295.456787109
0.999930084 0.000574078 0.011811067 -0.219725132 -0.000549439 0.999997675 -0.002089216 -4.396820545 -0.011812239 0.002082581 0.999928057 297.025482178
0.999943316 0.000232527 0.010645209 -0.205702066 -0.000226533 0.999999821 -0.000564256 -4.426270008 -0.010645339 0.000561813 0.999943137 298.599182129
0.999949217 0.001559642 0.009955609 -0.199796915 -0.001565873 0.999998689 0.000618068 -4.448306561 -0.009954633 -0.000633626 0.999950230 300.183959961
0.999940336 0.001832565 0.010768496 -0.194173336 -0.001838980 0.999998152 0.000585807 -4.469265461 -0.010767401 -0.000605575 0.999941826 301.767730713
0.999931633 0.002072981 0.011502093 -0.182942390 -0.002078936 0.999997735 0.000505799 -4.494893074 -0.011501019 -0.000529676 0.999933720 303.363403320
0.999928951 0.000727025 0.011898804 -0.173172951 -0.000729708 0.999999702 0.000221108 -4.516829491 -0.011898640 -0.000229775 0.999929190 304.942993164
0.999927938 -0.000923141 0.011978460 -0.157219410 0.000931983 0.999999225 -0.000732593 -4.542201519 -0.011977777 0.000743704 0.999927998 306.533905029
0.999919236 -0.002435082 0.012469103 -0.141267776 0.002468842 0.999993443 -0.002692861 -4.568537235 -0.012462464 0.002723428 0.999918580 308.129211426
0.999921799 -0.002723318 0.012201112 -0.128622532 0.002768135 0.999989390 -0.003657840 -4.596733093 -0.012191021 0.003691328 0.999918878 309.729125977
0.999948919 -0.002010313 0.009900984 -0.119820118 0.002057880 0.999986291 -0.004796491 -4.626516342 -0.009891206 0.004816621 0.999939501 311.341125488
0.999969482 -0.001081487 0.007737133 -0.112669945 0.001112652 0.999991298 -0.004024751 -4.655833721 -0.007732714 0.004033236 0.999961972 312.946563721
0.999972939 -0.000151966 0.007358983 -0.110666513 0.000159264 0.999999523 -0.000991162 -4.681273937 -0.007358829 0.000992307 0.999972463 314.568969727
0.999969900 -0.001869429 0.007524437 -0.095832825 0.001852388 0.999995828 0.002271129 -4.712261677 -0.007528651 -0.002257123 0.999969065 316.206726074
0.999967456 -0.002960612 0.007515426 -0.087761641 0.002937605 0.999991000 0.003070542 -4.732046604 -0.007524448 -0.003048364 0.999967039 317.838226318
0.999963939 -0.003816706 0.007586131 -0.082618952 0.003803324 0.999991119 0.001777679 -4.754947662 -0.007592849 -0.001748762 0.999969602 319.447143555
0.999953389 -0.005482316 0.007945748 -0.081431150 0.005466965 0.999983132 0.001952379 -4.775608063 -0.007956318 -0.001908849 0.999966502 321.059204102
0.999950409 -0.005524294 0.008287014 -0.086067200 0.005506243 0.999982417 0.002199668 -4.799121380 -0.008299020 -0.002153928 0.999963224 322.661071777
0.999946058 -0.005470320 0.008827023 -0.078318596 0.005451662 0.999982953 0.002136350 -4.824594498 -0.008838560 -0.002088113 0.999958694 324.277130127
0.999951899 -0.004187646 0.008863036 -0.066423893 0.004178830 0.999990702 0.001012983 -4.844382286 -0.008867196 -0.000975898 0.999960184 325.898437500
0.999947786 -0.003539700 0.009584806 -0.062905550 0.003530297 0.999993265 0.000997786 -4.883538246 -0.009588271 -0.000963897 0.999953568 327.517028809
0.999939144 -0.005036371 0.009813375 -0.047225237 0.005008635 0.999983370 0.002848869 -4.906976700 -0.009827559 -0.002799544 0.999947786 329.158477783
0.999930441 -0.005741813 0.010295204 -0.046353817 0.005705255 0.999977291 0.003576885 -4.928723335 -0.010315506 -0.003517899 0.999940634 330.765930176
0.999923944 -0.007265754 0.009959396 -0.027683020 0.007241223 0.999970675 0.002496965 -4.954983711 -0.009977245 -0.002424657 0.999947369 332.391998291
0.999934256 -0.005837208 0.009861561 -0.015498877 0.005815263 0.999980569 0.002252409 -4.975331306 -0.009874518 -0.002194914 0.999948859 334.042480469
0.999945283 -0.004037477 0.009636948 -0.013074636 0.004034725 0.999991894 0.000304881 -5.001251698 -0.009638101 -0.000265982 0.999953568 335.653747559
0.999954164 -0.001601417 0.009439948 -0.018249989 0.001627790 0.999994814 -0.002786768 -5.026497364 -0.009435439 0.002802006 0.999951541 337.270935059
0.999964952 -0.000708640 0.008343487 -0.011009455 0.000729639 0.999996603 -0.002514029 -5.052508831 -0.008341677 0.002520029 0.999961972 338.888885498
0.999973238 0.000485122 0.007295951 -0.010099173 -0.000491663 0.999999404 0.000894810 -5.082420349 -0.007295514 -0.000898374 0.999972939 340.479125977
0.999981463 0.001054631 0.005981065 -0.007659197 -0.001078499 0.999991417 0.003988705 -5.111794472 -0.005976808 -0.003995082 0.999974191 342.078735352
0.999988139 0.001539090 0.004612660 0.001855135 -0.001551842 0.999994934 0.002762279 -5.132904530 -0.004608385 -0.002769405 0.999985516 343.694793701
0.999995649 0.001097301 0.002726923 -0.000463128 -0.001099961 0.999998927 0.000974138 -5.153577805 -0.002725850 -0.000977133 0.999995828 345.283325195
0.999999523 -0.000168334 0.000987331 -0.001120746 0.000166345 0.999997973 0.002014153 -5.173701763 -0.000987668 -0.002013989 0.999997497 346.879882812
0.999998868 -0.001539849 -0.000160502 -0.003483392 0.001540240 0.999995828 0.002463478 -5.199708939 0.000156708 -0.002463723 0.999996960 348.480194092
0.999998689 -0.001555520 -0.000284587 -0.019687854 0.001555971 0.999997497 0.001593571 -5.218281269 0.000282107 -0.001594012 0.999998629 350.060119629
0.999995649 -0.002797465 -0.000960514 -0.021155626 0.002797873 0.999995947 0.000423513 -5.238910198 0.000959325 -0.000426199 0.999999464 351.660339355
0.999995887 -0.002754594 -0.000768787 -0.032156721 0.002754776 0.999996185 0.000235760 -5.263085365 0.000768135 -0.000237877 0.999999702 353.248718262
0.999994278 -0.003285399 -0.000724570 -0.041216880 0.003285525 0.999994516 0.000172739 -5.290822506 0.000723999 -0.000175118 0.999999702 354.843353271
0.999992549 -0.003746595 -0.001004303 -0.046027601 0.003745773 0.999992669 -0.000819026 -5.313075542 0.001007364 0.000815258 0.999999106 356.441253662
0.999993205 -0.003612678 -0.000731562 -0.060154736 0.003611825 0.999992788 -0.001165060 -5.345613480 0.000735765 0.001162410 0.999999046 358.042785645
0.999991059 -0.004191451 -0.000598823 -0.066879883 0.004190816 0.999990642 -0.001058719 -5.372572899 0.000603255 0.001056200 0.999999285 359.630706787
0.999990702 -0.004240324 -0.000779269 -0.069805115 0.004239031 0.999989629 -0.001653267 -5.404273510 0.000786271 0.001649948 0.999998331 361.222900391
0.999982297 -0.005888745 -0.000776140 -0.075243250 0.005886362 0.999978065 -0.003036623 -5.434162140 0.000794005 0.003032001 0.999995112 362.808837891
0.999973476 -0.007248201 -0.000713283 -0.084100738 0.007247510 0.999973297 -0.000968114 -5.466298580 0.000720282 0.000962919 0.999999285 364.416259766
0.999955297 -0.009384795 -0.001162185 -0.078243703 0.009384673 0.999955952 -0.000111560 -5.496940136 0.001163180 0.000100649 0.999999344 366.014862061
0.999960721 -0.008855675 -0.000633376 -0.092915446 0.008854646 0.999959469 -0.001609767 -5.515597343 0.000647606 0.001604095 0.999998510 367.611907959
0.999972343 -0.007440380 0.000117506 -0.110097110 0.007440672 0.999968648 -0.002728039 -5.533747673 -0.000097205 0.002728838 0.999996305 369.225219727
0.999974966 -0.007067847 0.000380858 -0.120384052 0.007068260 0.999974370 -0.001095170 -5.582522869 -0.000373108 0.001097834 0.999999285 370.809692383
0.999985993 -0.005253705 0.000669429 -0.126319155 0.005254089 0.999985993 -0.000574136 -5.601862431 -0.000666403 0.000577645 0.999999642 372.417419434
0.999982357 -0.005886565 0.000824424 -0.126414537 0.005886928 0.999982536 -0.000438935 -5.639425755 -0.000821826 0.000443781 0.999999523 373.995330811
0.999983549 -0.005622514 0.001182206 -0.144920737 0.005624279 0.999983072 -0.001495778 -5.660073757 -0.001173776 0.001502402 0.999998152 375.586334229
0.999984920 -0.005351637 0.001220845 -0.138243198 0.005353354 0.999984682 -0.001406861 -5.697535992 -0.001213297 0.001413376 0.999998212 377.201446533
0.999984562 -0.005382758 0.001374599 -0.130912185 0.005384438 0.999984741 -0.001220748 -5.729708672 -0.001368007 0.001228130 0.999998271 378.827148438
0.999992311 -0.003442877 0.001858713 -0.149883509 0.003445547 0.999993026 -0.001435443 -5.750345230 -0.001853758 0.001441836 0.999997258 380.442504883
0.999995828 -0.001640971 0.002362228 -0.156507552 0.001643122 0.999998212 -0.000908804 -5.778853416 -0.002360733 0.000912682 0.999996841 382.045898438
0.999996066 -0.000680283 0.002689028 -0.169399381 0.000685366 0.999997973 -0.001889870 -5.800010204 -0.002687737 0.001891706 0.999994576 383.687286377
