1.000000000 0.000000000 0.000000000 -0.000000030 0.000000000 0.999999940 0.000000000 0.000000007 0.000000000 0.000000000 0.999999940 -0.000000238
0.999997735 -0.001599062 -0.001415022 -0.003023056 0.001597739 0.999998212 -0.000936097 -0.007747633 0.001416517 0.000933834 0.999998510 0.563840449
0.999995530 -0.001804163 -0.002393481 -0.007958267 0.001797954 0.999994934 -0.002593969 -0.017550441 0.002398149 0.002589654 0.999993682 1.119419813
0.999986589 -0.002534059 -0.004521731 -0.009301022 0.002517994 0.999990463 -0.003555181 -0.035219580 0.004530696 0.003543747 0.999983370 1.684787393
0.999970257 -0.004366393 -0.006358950 -0.020330274 0.004331171 0.999975204 -0.005542194 -0.041471917 0.006382992 0.005514488 0.999964356 2.251438856
0.999947548 -0.007027651 -0.007445660 -0.032585774 0.006974673 0.999950469 -0.007117315 -0.064373180 0.007495308 0.007065012 0.999946892 2.795518160
0.999927402 -0.008102594 -0.008918397 -0.040305149 0.008033897 0.999938011 -0.007711972 -0.076543614 0.008980332 0.007639761 0.999930441 3.369328260
0.999911606 -0.008319790 -0.010369099 -0.049373798 0.008245710 0.999940276 -0.007166903 -0.088707939 0.010428106 0.007080767 0.999920487 3.948043823
0.999899507 -0.008559069 -0.011295455 -0.060165312 0.008472551 0.999934673 -0.007685066 -0.100531720 0.011360494 0.007588592 0.999906659 4.536119461
0.999889195 -0.007985249 -0.012554328 -0.068491407 0.007856194 0.999916196 -0.010295507 -0.117345199 0.012635490 0.010195738 0.999868155 5.137882710
0.999881208 -0.006728927 -0.013865086 -0.080641918 0.006537728 0.999883533 -0.013789333 -0.139891356 0.013956258 0.013697049 0.999808788 5.721210480
0.999872446 -0.005485222 -0.014994409 -0.097290106 0.005221430 0.999831855 -0.017575536 -0.149466753 0.015088295 0.017495001 0.999733090 6.334077358
0.999864936 -0.003449613 -0.016066935 -0.116189465 0.003167575 0.999840975 -0.017546412 -0.163653105 0.016124906 0.017493146 0.999716878 6.963108063
0.999850392 -0.001107217 -0.017254449 -0.128381059 0.000920316 0.999940872 -0.010836164 -0.172302410 0.017265424 0.010818663 0.999792397 7.600988865
0.999836206 -0.000217453 -0.018104073 -0.147179544 0.000213249 0.999999881 -0.000234185 -0.187547341 0.018104123 0.000230286 0.999836087 8.270554543
0.999818742 0.000620358 -0.019035507 -0.163558483 -0.000503065 0.999980807 0.006165934 -0.195132464 0.019038964 -0.006155239 0.999799788 8.951531410
0.999792159 0.003229149 -0.020128358 -0.188459054 -0.003123311 0.999981105 0.005287342 -0.211487442 0.020145051 -0.005223378 0.999783456 9.637104988
0.999772251 0.005056971 -0.020731568 -0.207262918 -0.005091167 0.999985695 -0.001597013 -0.221754670 0.020723194 0.001702198 0.999783814 10.318548203
0.999748111 0.004875116 -0.021905456 -0.232619464 -0.005043319 0.999958098 -0.007629945 -0.224395543 0.021867342 0.007738498 0.999730885 11.035074234
0.999731958 0.002484500 -0.023015747 -0.251538455 -0.002622690 0.999978602 -0.005975901 -0.227835715 0.023000410 0.006034662 0.999717176 11.769393921
0.999723554 0.001843441 -0.023434129 -0.269289047 -0.001765734 0.999992907 0.003336172 -0.236035898 0.023440108 -0.003293870 0.999719739 12.534359932
0.999721169 0.001742385 -0.023544315 -0.296801955 -0.001490242 0.999941349 0.010722551 -0.244060457 0.023561615 -0.010684475 0.999665260 13.300890923
0.999709070 0.000912439 -0.024104290 -0.323259622 -0.000592773 0.999911726 0.013265621 -0.249748692 0.024114268 -0.013247471 0.999621391 14.106045723
0.999706805 -0.000961741 -0.024194758 -0.342142284 0.001261265 0.999922693 0.012367450 -0.250061929 0.024180993 -0.012394340 0.999630690 14.904397964
0.999713480 -0.001349878 -0.023900125 -0.362171739 0.001585872 0.999950171 0.009857931 -0.248418719 0.023885630 -0.009893008 0.999665678 15.730629921
0.999722004 0.000971238 -0.023556871 -0.390497357 -0.000823543 0.999979973 0.006278626 -0.246045142 0.023562497 -0.006257481 0.999702752 16.581447601
0.999742091 -0.001874774 -0.022628583 -0.408262998 0.001891894 0.999997914 0.000735189 -0.251190305 0.022627156 -0.000777809 0.999743700 17.438074112
0.999753773 -0.004702271 -0.021688212 -0.420026481 0.004582847 0.999974072 -0.005552838 -0.260804027 0.021713758 0.005452076 0.999749362 18.306287766
0.999784172 -0.003363980 -0.020500448 -0.443513900 0.003139144 0.999934673 -0.010989694 -0.270476103 0.020536074 0.010922968 0.999729455 19.198581696
0.999792814 -0.001897512 -0.020270618 -0.470834792 0.001654961 0.999926925 -0.011975762 -0.284474969 0.020291859 0.011939732 0.999722779 20.109439850
0.999773920 -0.002145802 -0.021157170 -0.482835472 0.001900531 0.999930859 -0.011606079 -0.300044149 0.021180609 0.011563241 0.999708772 21.051654816
0.999781489 -0.000881245 -0.020890802 -0.509966552 0.000612593 0.999917030 -0.012862770 -0.323431551 0.020900402 0.012847161 0.999699056 21.984521866
0.999782860 0.001995576 -0.020745855 -0.534387708 -0.002300433 0.999889493 -0.014681353 -0.350706249 0.020714270 0.014725888 0.999676883 22.970746994
0.999767303 0.005238703 -0.020923646 -0.563043535 -0.005561196 0.999866128 -0.015384600 -0.374099195 0.020840250 0.015497378 0.999662638 23.935750961
0.999757767 0.006747953 -0.020944856 -0.592610896 -0.007068433 0.999858439 -0.015265070 -0.400833011 0.020838885 0.015409421 0.999664068 24.913787842
0.999748886 0.008008053 -0.020925693 -0.622506261 -0.008331153 0.999846637 -0.015399056 -0.426097602 0.020799167 0.015569523 0.999662459 25.890935898
0.999749780 0.007167893 -0.021183111 -0.644391358 -0.007494199 0.999853849 -0.015365071 -0.452352107 0.021069877 0.015519980 0.999657512 26.872087479
0.999716103 0.008899983 -0.022099894 -0.656174839 -0.009215507 0.999856412 -0.014216607 -0.488060623 0.021970201 0.014416232 0.999654651 27.889554977
0.999702036 0.009509166 -0.022479784 -0.682062805 -0.009782945 0.999878883 -0.012100399 -0.515417099 0.022361999 0.012316711 0.999674082 28.908878326
0.999690473 0.010246313 -0.022670733 -0.710830450 -0.010491746 0.999887347 -0.010733575 -0.544895232 0.022558203 0.010968108 0.999685347 29.926809311
0.999683678 0.010674511 -0.022769447 -0.735486329 -0.010943791 0.999871194 -0.011734633 -0.569620192 0.022641256 0.011980106 0.999671876 30.961135864
0.999673545 0.011702850 -0.022713326 -0.773816705 -0.012001323 0.999842823 -0.013049440 -0.594885826 0.022557044 0.013317770 0.999656796 31.977426529
0.999666810 0.011263158 -0.023226433 -0.801710188 -0.011552192 0.999857008 -0.012347889 -0.618328989 0.023084037 0.012612090 0.999653935 33.013786316
0.999651313 0.011286126 -0.023871496 -0.830361664 -0.011519620 0.999886930 -0.009666625 -0.643370450 0.023759697 0.009938246 0.999668241 34.069412231
0.999651074 0.011176159 -0.023932574 -0.867060006 -0.011325140 0.999917269 -0.006098719 -0.665101886 0.023862435 0.006367632 0.999694884 35.118789673
0.999633849 0.011325450 -0.024575787 -0.894977570 -0.011418193 0.999928057 -0.003636756 -0.692688763 0.024532836 0.003916037 0.999691367 36.200733185
0.999620080 0.011679149 -0.024966752 -0.928364396 -0.011762402 0.999925613 -0.003190325 -0.709895372 0.024927635 0.003482782 0.999683201 37.271656036
0.999613106 0.011017283 -0.025545277 -0.960005224 -0.011133365 0.999928176 -0.004406339 -0.734376788 0.025494905 0.004689040 0.999663949 38.359939575
0.999588251 0.011506468 -0.026287206 -0.998143077 -0.011639942 0.999920011 -0.004930147 -0.753841043 0.026228379 0.005234099 0.999642253 39.444278717
0.999585211 0.010710761 -0.026732149 -1.031612635 -0.010815017 0.999934375 -0.003758418 -0.776448846 0.026690135 0.004045967 0.999635696 40.525222778
0.999557137 0.011343640 -0.027512664 -1.068447828 -0.011405434 0.999932766 -0.002090086 -0.790428817 0.027487108 0.002402954 0.999619305 41.611408234
0.999546587 0.010648095 -0.028166326 -1.105766892 -0.010629604 0.999943078 0.000806223 -0.818170547 0.028173313 -0.000506461 0.999602914 42.702827454
0.999519050 0.012299721 -0.028470894 -1.150008798 -0.012285416 0.999924183 0.000677368 -0.839894712 0.028477075 -0.000327266 0.999594450 43.781139374
0.999492884 0.013456052 -0.028861156 -1.179467797 -0.013553062 0.999903142 -0.003168348 -0.862172961 0.028815730 0.003557897 0.999578357 44.864356995
0.999477148 0.014677083 -0.028811326 -1.218484044 -0.014893841 0.999862254 -0.007323222 -0.881746650 0.028699880 0.007748503 0.999557972 45.944541931
0.999475539 0.014905561 -0.028749513 -1.258036733 -0.015121935 0.999858797 -0.007323415 -0.908868194 0.028636299 0.007754322 0.999559820 47.027267456
0.999466777 0.015650012 -0.028659996 -1.296033263 -0.015790761 0.999864340 -0.004691287 -0.933396399 0.028582690 0.005141349 0.999578178 48.129077911
0.999468625 0.015642969 -0.028593319 -1.332028985 -0.015723716 0.999872923 -0.002601577 -0.954281211 0.028548991 0.003049788 0.999587715 49.230945587
0.999491394 0.014182193 -0.028559696 -1.367026329 -0.014229948 0.999897540 -0.001469597 -0.974141300 0.028535930 0.001875252 0.999591053 50.319076538
0.999494255 0.014313659 -0.028395804 -1.400119901 -0.014379342 0.999894381 -0.002110284 -0.999079108 0.028362598 0.002517530 0.999594510 51.411697388
0.999511540 0.013607436 -0.028131627 -1.439407229 -0.013725978 0.999897599 -0.004024980 -1.019287229 0.028073980 0.004409148 0.999596059 52.502021790
0.999526799 0.013442370 -0.027668267 -1.471876144 -0.013618235 0.999888122 -0.006177717 -1.045446634 0.027582128 0.006551586 0.999597967 53.581577301
0.999540865 0.012585966 -0.027560912 -1.503605008 -0.012828604 0.999880314 -0.008644693 -1.071517110 0.027448811 0.008994291 0.999582648 54.675079346
0.999565423 0.011432423 -0.027170731 -1.540798664 -0.011762435 0.999858499 -0.012017276 -1.105796337 0.027029503 0.012331648 0.999558449 55.763534546
0.999587059 0.009323952 -0.027181007 -1.565983891 -0.009696139 0.999860466 -0.013593577 -1.136342645 0.027050473 0.013851512 0.999538064 56.836883545
0.999604166 0.007794179 -0.027031565 -1.597417593 -0.008096788 0.999905527 -0.011103422 -1.168128490 0.026942469 0.011317895 0.999572873 57.924251556
0.999616563 0.006452839 -0.026930060 -1.626934528 -0.006589708 0.999965787 -0.004996792 -1.197231054 0.026896898 0.005172338 0.999624729 59.017108917
0.999634027 0.004801463 -0.026622122 -1.658294201 -0.004793683 0.999988437 0.000356062 -1.214720964 0.026623527 -0.000228313 0.999645412 60.120716095
0.999631941 0.003123899 -0.026950147 -1.684624195 -0.003100958 0.999994755 0.000893039 -1.231225610 0.026952798 -0.000809139 0.999636292 61.213745117
0.999651611 0.000054260 -0.026392899 -1.717855692 -0.000106877 0.999997973 -0.001992233 -1.250141382 0.026392741 0.001994360 0.999649584 62.301010132
0.999658465 -0.001522329 -0.026089843 -1.752043247 0.001381818 0.999984443 -0.005402843 -1.269470096 0.026097665 0.005364947 0.999644876 63.398006439
0.999658167 0.000652083 -0.026136659 -1.789310336 -0.000898724 0.999955118 -0.009425934 -1.294924974 0.026129346 0.009446201 0.999613881 64.485313416
0.999663651 0.000976873 -0.025916422 -1.821806073 -0.001327271 0.999907851 -0.013506571 -1.323957443 0.025900843 0.013536423 0.999572814 65.567810059
0.999675989 0.003754587 -0.025174165 -1.858329296 -0.004119252 0.999887109 -0.014449522 -1.350944519 0.025117073 0.014548536 0.999578595 66.668426514
0.999672115 0.007536770 -0.024471577 -1.898417950 -0.007800873 0.999912143 -0.010714844 -1.383825064 0.024388671 0.010902229 0.999643087 67.771049500
0.999668539 0.008827309 -0.024186475 -1.933845043 -0.009032660 0.999924004 -0.008394283 -1.411786795 0.024110537 0.008609968 0.999672174 68.863182068
0.999669969 0.008091430 -0.024377789 -1.960863590 -0.008286710 0.999934316 -0.007920205 -1.437042356 0.024312103 0.008119605 0.999671400 69.958061218
0.999680281 0.006795712 -0.024354823 -1.992233753 -0.006968115 0.999951184 -0.007001004 -1.465276241 0.024306053 0.007168473 0.999678850 71.063629150
0.999685347 0.005863081 -0.024388252 -2.024224043 -0.005999928 0.999966562 -0.005541848 -1.492903352 0.024354940 0.005686433 0.999687195 72.157791138
0.999681711 0.003954210 -0.024919558 -2.052783251 -0.004042132 0.999985695 -0.003478879 -1.518588305 0.024905445 0.003578499 0.999683380 73.254920959
0.999666452 0.003384651 -0.025603339 -2.088841677 -0.003432332 0.999992430 -0.001818602 -1.544454336 0.025596993 0.001905874 0.999670506 74.354705811
0.999663234 0.002739105 -0.025805382 -2.125427723 -0.002810296 0.999992371 -0.002722926 -1.571922898 0.025797728 0.002794530 0.999663234 75.444358826
0.999642193 0.002777597 -0.026603293 -2.156965494 -0.002956327 0.999973416 -0.006681376 -1.596922398 0.026584020 0.006757634 0.999623716 76.528160095
0.999614954 0.003409834 -0.027538911 -2.187372923 -0.003649423 0.999955893 -0.008654431 -1.623116732 0.027508182 0.008751601 0.999583244 77.609466553
0.999592364 0.005305794 -0.028053202 -2.225084543 -0.005506560 0.999959648 -0.007084207 -1.648902416 0.028014490 0.007235794 0.999581218 78.690361023
0.999567568 0.006489136 -0.028679451 -2.261275291 -0.006574501 0.999974191 -0.002883222 -1.670586824 0.028660003 0.003070529 0.999584436 79.768081665
0.999547124 0.007522407 -0.029136388 -2.301242828 -0.007488558 0.999971151 0.001270706 -1.699738145 0.029145103 -0.001051941 0.999574602 80.846168518
0.999524117 0.008878714 -0.029540827 -2.344846249 -0.008826256 0.999959290 0.001905752 -1.718116045 0.029556541 -0.001644110 0.999561787 81.913848877
0.999507725 0.008693427 -0.030144226 -2.381344557 -0.008713543 0.999961853 -0.000536018 -1.732526541 0.030138414 0.000798417 0.999545395 82.988899231
0.999493241 0.008349943 -0.030718250 -2.420605183 -0.008381713 0.999964476 -0.000905587 -1.760642171 0.030709598 0.001162600 0.999527633 84.059646606
0.999484718 0.007683903 -0.031165401 -2.457095146 -0.007718422 0.999969721 -0.000987476 -1.782825112 0.031156873 0.001227515 0.999513686 85.112945557
0.999467313 0.006422071 -0.031999204 -2.494501591 -0.006451073 0.999978840 -0.000803202 -1.799259782 0.031993367 0.001009203 0.999487519 86.156219482
0.999451756 0.005369415 -0.032669045 -2.526735067 -0.005357353 0.999985456 0.000456751 -1.822529316 0.032671019 -0.000281481 0.999466181 87.182006836
0.999442697 0.005708338 -0.032891344 -2.568329573 -0.005606573 0.999979138 0.003185409 -1.843423247 0.032908846 -0.002999226 0.999453843 88.185554504
0.999405980 0.004607400 -0.034153905 -2.606970310 -0.004460426 0.999980390 0.004378238 -1.866931915 0.034173399 -0.004223296 0.999406934 89.165122986
0.999330342 0.003413966 -0.036429137 -2.642696857 -0.003253834 0.999984801 0.004454112 -1.883819342 0.036443785 -0.004332596 0.999326289 90.134979248
0.999203503 0.002471230 -0.039825231 -2.681663752 -0.002329158 0.999990761 0.003613389 -1.902672291 0.039833788 -0.003517752 0.999200165 91.067909241
0.999071419 0.002302087 -0.043019619 -2.729880810 -0.002189105 0.999993980 0.002673201 -1.920450211 0.043025509 -0.002576544 0.999070585 91.988319397
0.998928368 0.002232932 -0.046230298 -2.776323318 -0.002091495 0.999992967 0.003107549 -1.938446999 0.046236906 -0.003007528 0.998925865 92.880767822
0.998771489 0.003263409 -0.049447466 -2.824324131 -0.003052634 0.999985874 0.004337524 -1.957025886 0.049460921 -0.004181249 0.998767257 93.747406006
0.998629570 0.004196526 -0.052165817 -2.881013393 -0.003927619 0.999978423 0.005256305 -1.971738219 0.052186746 -0.005044214 0.998624563 94.586158752
0.998453557 0.005742554 -0.055293359 -2.932051182 -0.005384005 0.999963462 0.006631259 -1.984017849 0.055329427 -0.006323304 0.998448014 95.402076721
0.998303711 0.006919910 -0.057806976 -2.987787008 -0.006498836 0.999950945 0.007468953 -1.998823404 0.057855830 -0.007080606 0.998299837 96.190628052
0.998140275 0.009054761 -0.060282201 -3.041470051 -0.008573637 0.999929249 0.008235065 -2.019238949 0.060352493 -0.007702913 0.998147309 96.956115723
0.997936964 0.010690156 -0.063305162 -3.090448856 -0.010268796 0.999922812 0.006977635 -2.031561852 0.063374862 -0.006313173 0.997969747 97.687316895
0.997773349 0.012092842 -0.065591082 -3.149652004 -0.011895284 0.999923468 0.003401638 -2.050524950 0.065627195 -0.002613839 0.997840762 98.377738953
0.997572720 0.014645079 -0.068074912 -3.209641457 -0.014701297 0.999891818 -0.000324885 -2.061414719 0.068062782 0.001324886 0.997680128 99.052536011
0.997391045 0.016434483 -0.070293494 -3.256647110 -0.016681084 0.999856472 -0.002922552 -2.082031488 0.070235357 0.004087500 0.997522056 99.689598083
0.997318625 0.018266022 -0.070865005 -3.308098316 -0.018604327 0.999818563 -0.004116796 -2.090803385 0.070776939 0.005424154 0.997477293 100.310035706
0.997348130 0.020774571 -0.069748610 -3.362571239 -0.021084350 0.999770880 -0.003708021 -2.105099440 0.069655597 0.005168792 0.997557640 100.895889282
0.997471273 0.024793901 -0.066604704 -3.411216021 -0.024986280 0.999685705 -0.002056800 -2.123171568 0.066532783 0.003715804 0.997777224 101.464195251
0.997730613 0.026948502 -0.061702702 -3.437066793 -0.027045008 0.999633968 -0.000729216 -2.135943174 0.061660483 0.002396313 0.998094201 102.010002136
0.998129487 0.028051671 -0.054317899 -3.466098309 -0.028017381 0.999606431 0.001392881 -2.150724411 0.054335609 0.000131570 0.998522639 102.532691956
0.998618484 0.027689185 -0.044657532 -3.483183384 -0.027544705 0.999613166 0.003847542 -2.165784121 0.044746794 -0.002612148 0.998994946 103.028190613
0.999072731 0.027351620 -0.033247199 -3.486834526 -0.027193960 0.999616742 0.005185187 -2.178487539 0.033376269 -0.004276256 0.999433756 103.514488220
0.999464691 0.026283912 -0.019478254 -3.487549305 -0.026186133 0.999643147 0.005257946 -2.188586712 0.019609502 -0.004745071 0.999796450 103.953987122
0.999648035 0.026181590 -0.004273867 -3.479967117 -0.026162541 0.999647677 0.004454477 -2.200131893 0.004388988 -0.004341094 0.999980927 104.391616821
0.999601722 0.024698880 0.013653984 -3.462567329 -0.024720114 0.999693394 0.001388734 -2.209871531 -0.013615496 -0.001725710 0.999905765 104.816596985
0.999087095 0.024416221 0.035055231 -3.432636261 -0.024324497 0.999699473 -0.003040657 -2.223666668 -0.035118934 0.002185180 0.999380708 105.229965210
0.998013616 0.022308443 0.058915704 -3.381053925 -0.021881215 0.999729395 -0.007886747 -2.233106613 -0.059075698 0.006581936 0.998231828 105.638000488
0.996081948 0.020079812 0.086125925 -3.324266434 -0.019191362 0.999753833 -0.011131374 -2.238276482 -0.086328246 0.009434886 0.996222138 106.034835815
0.993101537 0.017169680 0.115994200 -3.252176285 -0.015884269 0.999801815 -0.011997029 -2.254565239 -0.116177201 0.010071782 0.993177474 106.431900024
0.988876939 0.014706325 0.148007214 -3.157778740 -0.012769951 0.999820054 -0.014024767 -2.266473770 -0.148186833 0.011978723 0.988886833 106.816497803
0.982907355 0.011842825 0.183719173 -3.063671112 -0.009205434 0.999842107 -0.015201786 -2.288608074 -0.183870181 0.013250733 0.982861221 107.177139282
0.974987745 0.008874051 0.222081751 -2.949352264 -0.005496120 0.999859631 -0.015823713 -2.298374653 -0.222191021 0.014207337 0.974899590 107.522529602
0.964868546 0.006567178 0.262650788 -2.845888138 -0.002404870 0.999866426 -0.016165633 -2.317635059 -0.262721896 0.014966073 0.964755416 107.836967468
0.952521861 0.007257596 0.304383457 -2.710044861 -0.002170272 0.999852359 -0.017048534 -2.334363461 -0.304462224 0.015578509 0.952396929 108.173377991
0.937258184 0.009434216 0.348508656 -2.560844421 -0.003445726 0.999835670 -0.017799074 -2.343641281 -0.348619252 0.015481462 0.937136531 108.496696472
0.919397533 0.009716564 0.393209636 -2.389774323 -0.003412338 0.999854267 -0.016728617 -2.354136944 -0.393314838 0.014038486 0.919296622 108.826141357
0.898919463 0.008899030 0.438023537 -2.207355499 -0.002293562 0.999875546 -0.015606916 -2.364746094 -0.438107878 0.013024726 0.898827970 109.131713867
0.875608802 0.008108885 0.482952952 -2.017055511 -0.000419699 0.999871492 -0.016027134 -2.378314495 -0.483020782 0.013830804 0.875499606 109.413436890
0.850589275 0.008505344 0.525762081 -1.799125671 0.001238965 0.999834001 -0.018178914 -2.391413689 -0.525829315 0.016114190 0.850437403 109.691246033
0.822155535 0.010823038 0.569160104 -1.570045471 0.001765113 0.999765933 -0.021561071 -2.412113667 -0.569260180 0.018731186 0.821943879 110.000732422
0.791430831 0.015460782 0.611063242 -1.326206207 0.000198405 0.999673545 -0.025550153 -2.431433678 -0.611258745 0.020342415 0.791169286 110.269371033
0.759131312 0.021097835 0.650595486 -1.074600220 -0.002634635 0.999565959 -0.029340265 -2.442050695 -0.650932014 0.020559032 0.758857429 110.474258423
0.721494257 0.025904628 0.691935658 -0.805248260 -0.004471226 0.999453306 -0.032755226 -2.445500374 -0.692405879 0.020538907 0.721215665 110.721435547
0.682159185 0.026204571 0.730733871 -0.508590698 -0.002882406 0.999446154 -0.033149961 -2.465394974 -0.731197834 0.020507282 0.681856930 110.948822021
0.641018093 0.023472209 0.767166734 -0.197921753 0.001178244 0.999500930 -0.031565197 -2.480391979 -0.767524779 0.021137776 0.640670598 111.151428223
0.596915185 0.021506479 0.802016020 0.126781464 0.002807406 0.999578536 -0.028893687 -2.489296436 -0.802299380 0.019498669 0.596603155 111.349624634
0.551477611 0.020130966 0.833946764 0.463779449 0.003371923 0.999646723 -0.026360676 -2.499802113 -0.834182799 0.017349325 0.551214933 111.511779785
0.503299654 0.017789660 0.863928854 0.803050995 0.005165920 0.999708116 -0.023595085 -2.510468960 -0.864096463 0.016338382 0.503060877 111.658775330
0.452416718 0.014066857 0.891695738 1.174419403 0.008188461 0.999767780 -0.019926289 -2.520211220 -0.891769052 0.016316600 0.452196419 111.806167603
0.400403142 0.014062790 0.916231215 1.548049927 0.005584224 0.999826193 -0.017786218 -2.537858725 -0.916321993 0.012238099 0.400254995 111.940132141
0.349781811 0.018920129 0.936640143 1.935810089 0.001490704 0.999783516 -0.020752316 -2.552415371 -0.936829925 0.008655034 0.349677861 112.046783447
0.299131811 0.024167515 0.953905761 2.353744507 0.002320818 0.999657691 -0.026054436 -2.553631544 -0.954208970 0.010007551 0.298973322 112.160499573
0.251945972 0.026422983 0.967380404 2.729141235 0.002531804 0.999605894 -0.027962569 -2.574310780 -0.967737973 0.009494275 0.251779705 112.229263306
0.210748345 0.026192982 0.977189243 3.153854370 0.009653478 0.999536455 -0.028873930 -2.588388681 -0.977492630 0.015518410 0.210397780 112.279197693
0.175942078 0.025811870 0.984062016 3.588167191 0.018136263 0.999401510 -0.029456839 -2.601819992 -0.984233379 0.023029903 0.175368637 112.314857483
0.145395130 0.027087662 0.989002705 4.042776108 0.022381883 0.999279201 -0.030659527 -2.618515730 -0.989120483 0.026593488 0.144684032 112.354370117
0.117205605 0.025382683 0.992783129 4.516958237 0.020175800 0.999406099 -0.027933920 -2.635102272 -0.992902696 0.023304209 0.116623864 112.398750305
0.091873676 0.021909513 0.995529413 5.004628181 0.014262562 0.999626398 -0.023315910 -2.649004221 -0.995668530 0.016340921 0.091526806 112.433761597
0.068270788 0.017681774 0.997510076 5.515695572 0.009850634 0.999782264 -0.018396242 -2.665808678 -0.997618139 0.011082035 0.068081707 112.457397461
0.045047373 0.015675245 0.998861969 6.023622036 0.012705584 0.999787033 -0.016262773 -2.686402082 -0.998903990 0.013423719 0.044838607 112.482299805
0.024807991 0.016493352 0.999556124 6.559894562 0.020645153 0.999642193 -0.017007165 -2.701649189 -0.999478936 0.021057900 0.024458613 112.470619202
0.007133603 0.018926809 0.999795437 7.109962463 0.025287030 0.999497712 -0.019101601 -2.719977617 -0.999654710 0.025418121 0.006651416 112.457527161
-0.007157378 0.024161072 0.999682426 7.708324432 0.026010532 0.999374390 -0.023967400 -2.729954720 -0.999636114 0.025830727 -0.007781353 112.454124451
-0.018167969 0.029198669 0.999408484 8.323619843 0.022957485 0.999322176 -0.028778814 -2.740449429 -0.999571383 0.022421055 -0.018825989 112.451087952
-0.024034984 0.029020710 0.999289751 8.951066017 0.026039025 0.999257505 -0.028393487 -2.751494408 -0.999371886 0.025338097 -0.024772814 112.423149109
-0.026618592 0.025981093 0.999307930 9.597230911 0.032843415 0.999145210 -0.025102010 -2.767128468 -0.999105990 0.032152504 -0.027449146 112.398986816
-0.026359858 0.024116166 0.999361575 10.246444702 0.033647690 0.999163926 -0.023223877 -2.792348146 -0.999086082 0.033014022 -0.027149269 112.379623413
-0.024452010 0.023810798 0.999417365 10.918233871 0.031981304 0.999223173 -0.023023710 -2.814296007 -0.999189258 0.031399693 -0.025194518 112.370979309
-0.022528499 0.023853073 0.999461591 11.607597351 0.029033108 0.999309242 -0.023195013 -2.844302416 -0.999324501 0.028494930 -0.023205470 112.349861145
-0.021551596 0.025011301 0.999454856 12.322949409 0.028406598 0.999298751 -0.024394853 -2.860479593 -0.999364078 0.027865361 -0.022246964 112.345046997
-0.020854704 0.025852937 0.999448121 13.041297913 0.027460448 0.999303222 -0.025276190 -2.888268471 -0.999405265 0.026918165 -0.021550100 112.337646484
-0.019693701 0.025592783 0.999478459 13.793456078 0.027048713 0.999320030 -0.025055761 -2.911733150 -0.999440193 0.026541160 -0.020372562 112.325210571
-0.019173035 0.024222944 0.999522746 14.549084663 0.025739865 0.999386966 -0.023725910 -2.936215401 -0.999484777 0.025272682 -0.019784784 112.314926147
-0.018830128 0.022844244 0.999561667 15.315129280 0.026467979 0.999399960 -0.022341931 -2.963328838 -0.999472260 0.026035678 -0.019423474 112.307090759
-0.019202447 0.020699555 0.999601305 16.108348846 0.026807273 0.999436855 -0.020181185 -2.988662004 -0.999456167 0.026409054 -0.019746535 112.291122437
-0.020574477 0.018935131 0.999608994 16.899738312 0.024169635 0.999537706 -0.018436313 -3.016099453 -0.999496102 0.023780866 -0.021022623 112.286529541
-0.021761112 0.017876448 0.999603331 17.686695099 0.023513539 0.999572575 -0.017364018 -3.040544510 -0.999486566 0.023126349 -0.022172155 112.270523071
-0.022807572 0.015364299 0.999621749 18.492202759 0.026069678 0.999550939 -0.014768398 -3.063058615 -0.999399900 0.025722990 -0.023197874 112.248344421
-0.024168035 0.014093728 0.999608517 19.310186386 0.027334662 0.999536037 -0.013431822 -3.080131769 -0.999334157 0.026999338 -0.024542071 112.231842041
-0.025897933 0.013044397 0.999579430 20.137790680 0.024885414 0.999613345 -0.012400087 -3.108354092 -0.999354780 0.024553813 -0.026212536 112.216987610
-0.026681779 0.017548803 0.999489903 20.962907791 0.021678863 0.999620855 -0.016972378 -3.134212017 -0.999408901 0.021214949 -0.027052103 112.198661804
-0.027224647 0.022357741 0.999379277 21.788320541 0.023519451 0.999487400 -0.021719448 -3.156407356 -0.999352574 0.022913553 -0.027736528 112.175056458
-0.028274968 0.023941385 0.999313533 22.632772446 0.023500225 0.999452710 -0.023279795 -3.183648109 -0.999323845 0.022825859 -0.028822124 112.154052734
-0.030201139 0.021876823 0.999304354 23.477855682 0.020315440 0.999567330 -0.021268599 -3.209988356 -0.999337375 0.019658975 -0.030632501 112.141746521
-0.031617437 0.017350774 0.999349415 24.326068878 0.016949018 0.999714792 -0.016820885 -3.244878054 -0.999356329 0.016406162 -0.031902492 112.131256104
-0.031300846 0.012011652 0.999437869 25.165842056 0.016034771 0.999804974 -0.011513884 -3.273767948 -0.999381363 0.015665362 -0.031487353 112.096847534
-0.031586409 0.006472117 0.999480069 26.017194748 0.012295703 0.999905825 -0.006086295 -3.292960405 -0.999425411 0.012097069 -0.031663015 112.077445984
-0.031575359 0.004859008 0.999489546 26.866531372 0.009783721 0.999941766 -0.004552125 -3.320147991 -0.999453485 0.009634993 -0.031621058 112.063323975
-0.030975003 0.011771815 0.999450803 27.693613052 0.012156313 0.999861002 -0.011399901 -3.350307226 -0.999446213 0.011796523 -0.031113805 112.042602539
-0.029294632 0.022966262 0.999307036 28.521966934 0.014931306 0.999634504 -0.022536077 -3.374431133 -0.999459326 0.014260772 -0.029626841 112.009582520
-0.029002659 0.028733311 0.999166250 29.357652664 0.017193256 0.999453247 -0.028242495 -3.393778563 -0.999431551 0.016359812 -0.029480813 111.997688293
-0.027389035 0.022907682 0.999362230 30.196056366 0.018902058 0.999570549 -0.022394408 -3.427802086 -0.999446154 0.018276641 -0.027810274 111.971130371
-0.026614755 0.015509647 0.999525428 31.039739609 0.021727264 0.999652386 -0.014933070 -3.458517313 -0.999409497 0.021319514 -0.026942486 111.951240540
-0.026592648 0.012024628 0.999574006 31.869766235 0.022226719 0.999687552 -0.011434667 -3.490517616 -0.999399185 0.021913171 -0.026851606 111.932403564
-0.026383145 0.012738386 0.999570727 32.690246582 0.021957768 0.999684930 -0.012160276 -3.517505884 -0.999410689 0.021627523 -0.026654540 111.912971497
-0.027604304 0.013831137 0.999523222 33.509643555 0.018809086 0.999734461 -0.013314597 -3.541333199 -0.999441981 0.018432582 -0.027857125 111.901695251
-0.029748831 0.014328652 0.999454737 34.328262329 0.017349407 0.999754012 -0.013816535 -3.563232899 -0.999406874 0.016928924 -0.029990107 111.888748169
-0.031848717 0.013838468 0.999396861 35.130523682 0.016235150 0.999779463 -0.013326379 -3.595351219 -0.999360800 0.015800936 -0.032066360 111.866844177
-0.034108084 0.014036419 0.999319553 35.958560944 0.015189384 0.999793112 -0.013524638 -3.623382092 -0.999302685 0.014717752 -0.034314230 111.850563049
-0.036075383 0.014711536 0.999240696 36.763847351 0.013413277 0.999808669 -0.014235643 -3.645456314 -0.999258935 0.012889540 -0.036265817 111.826248169
-0.038403127 0.013840638 0.999166429 37.561168671 0.011561208 0.999843240 -0.013405659 -3.669459343 -0.999195397 0.011036755 -0.038557123 111.801399231
-0.040142704 0.012668273 0.999113619 38.356266022 0.012298862 0.999850154 -0.012183463 -3.693998814 -0.999118268 0.011798884 -0.040292505 111.769607544
-0.042141672 0.012359057 0.999035180 39.147483826 0.011510180 0.999863148 -0.011883773 -3.723254204 -0.999045372 0.010998273 -0.042278163 111.742645264
-0.043900385 0.013350736 0.998946667 39.929019928 0.011189742 0.999854624 -0.012871118 -3.749365091 -0.998973250 0.010612910 -0.044043396 111.709396362
-0.045191392 0.013683529 0.998884618 40.721500397 0.011429660 0.999847829 -0.013179625 -3.772041082 -0.998912990 0.010821306 -0.045340918 111.684799194
-0.046169128 0.012530552 0.998855174 41.482990265 0.013867077 0.999832988 -0.011901859 -3.794250011 -0.998837352 0.013301702 -0.046335191 111.645858765
-0.047824502 0.012091066 0.998782575 42.260234833 0.014137374 0.999834716 -0.011426867 -3.816314220 -0.998755634 0.013573678 -0.047987536 111.616867065
-0.049512941 0.011588931 0.998706222 43.021045685 0.012638023 0.999859929 -0.010975763 -3.841140270 -0.998693466 0.012078231 -0.049652468 111.589782715
-0.050759058 0.010443106 0.998656332 43.781734467 0.010724492 0.999893367 -0.009910947 -3.864883900 -0.998653233 0.010207012 -0.050865635 111.557655334
-0.051707588 0.009604406 0.998616099 44.516059875 0.009901735 0.999909461 -0.009104142 -3.885389090 -0.998613119 0.009417279 -0.051798012 111.527008057
-0.052026358 0.009093131 0.998604238 45.229633331 0.010199609 0.999911189 -0.008573641 -3.910159826 -0.998593748 0.009739317 -0.052114464 111.486877441
-0.052145723 0.011749889 0.998570383 45.935768127 0.010597122 0.999880970 -0.011211924 -3.931165457 -0.998583257 0.009997318 -0.052264042 111.455329895
-0.052150313 0.014333170 0.998536289 46.634784698 0.010453688 0.999849975 -0.013806062 -3.957183123 -0.998584509 0.009718398 -0.052292325 111.421264648
-0.052107256 0.015995916 0.998513341 47.332359314 0.008525956 0.999842346 -0.015572280 -3.977032185 -0.998605132 0.007701851 -0.052235413 111.388748169
-0.052642282 0.017089717 0.998467207 48.045803070 0.008677045 0.999823630 -0.016655456 -3.998320341 -0.998575687 0.007786963 -0.052781284 111.362655640
-0.052720368 0.016810691 0.998467863 48.740600586 0.010263229 0.999814510 -0.016291453 -4.022045612 -0.998556495 0.009388611 -0.052883126 111.327743530
-0.052903958 0.016267486 0.998467147 49.432487488 0.011046265 0.999815702 -0.015704170 -4.046685219 -0.998538435 0.010198520 -0.053073898 111.293426514
-0.053421751 0.016461069 0.998436332 50.130863190 0.006493007 0.999848723 -0.016136944 -4.068089962 -0.998550892 0.005620789 -0.053520549 111.271438599
-0.052715555 0.016413353 0.998474658 50.796371460 0.004431090 0.999858916 -0.016202165 -4.096561432 -0.998599708 0.003570225 -0.052780833 111.233749390
-0.052937914 0.015216847 0.998481870 51.480068207 0.006357680 0.999868691 -0.014900906 -4.118301392 -0.998577535 0.005559205 -0.053027708 111.201705933
-0.053966396 0.014798187 0.998433053 52.163898468 0.006805587 0.999872386 -0.014451669 -4.137974262 -0.998519599 0.006015018 -0.054060213 111.168762207
-0.057629917 0.014180996 0.998237252 52.828098297 0.003610537 0.999895513 -0.013996108 -4.161331177 -0.998331487 0.002797578 -0.057675090 111.138732910
-0.063079000 0.013915764 0.997911513 53.514186859 0.000140146 0.999902785 -0.013934672 -4.183921337 -0.998008549 -0.000739132 -0.063074812 111.109062195
-0.068915516 0.017406888 0.997470617 54.171604156 0.003017334 0.999846876 -0.017239884 -4.208795547 -0.997617900 0.001821606 -0.068957478 111.057273865
-0.074924335 0.020059155 0.996987402 54.830986023 0.005539897 0.999790549 -0.019699227 -4.233017921 -0.997173786 0.004047256 -0.075019762 110.993270874
-0.082100235 0.021656435 0.996388733 55.499641418 0.004821116 0.999760807 -0.021332480 -4.256167412 -0.996612251 0.003052305 -0.082185008 110.937721252
-0.087960944 0.020582255 0.995911241 56.171482086 0.001021723 0.999787867 -0.020572130 -4.281816483 -0.996123314 -0.000791999 -0.087963313 110.878028870
-0.094300926 0.019915966 0.995344460 56.876201630 0.000930565 0.999801159 -0.019916978 -4.301859856 -0.995543242 -0.000951956 -0.094300710 110.830047607
-0.098353654 0.020304302 0.994944394 57.559032440 -0.001232609 0.999788523 -0.020525008 -4.327792645 -0.995150685 -0.003245087 -0.098307833 110.760650635
-0.102299124 0.019863632 0.994555354 58.249473572 -0.003185688 0.999788940 -0.020295836 -4.340835094 -0.994748592 -0.005244588 -0.102214247 110.691513062
-0.105281912 0.016345076 0.994308054 58.938480377 -0.003393033 0.999853134 -0.016795501 -4.371364594 -0.994436562 -0.005141985 -0.105210997 110.623023987
-0.107137658 0.013484389 0.994152784 59.652397156 -0.001224283 0.999905407 -0.013694356 -4.390758038 -0.994243443 -0.002684304 -0.107111007 110.549148560
-0.108475119 0.010802727 0.994040430 60.367008209 -0.001619489 0.999937654 -0.011043545 -4.411306381 -0.994097769 -0.002807787 -0.108450867 110.473091125
-0.110176034 0.010207953 0.993859708 61.099594116 -0.002874677 0.999939740 -0.010589082 -4.435463428 -0.993907988 -0.004023687 -0.110140055 110.404747009
-0.110707343 0.013945526 0.993755221 61.822704315 -0.000760234 0.999899983 -0.014116453 -4.453486919 -0.993852735 -0.002318279 -0.110685669 110.327651978
-0.110335618 0.017757725 0.993735909 62.564968109 0.004920636 0.999837875 -0.017320422 -4.477449417 -0.993882179 0.002978752 -0.110405117 110.233345032
-0.111061215 0.022833070 0.993551254 63.307472229 0.012386051 0.999690235 -0.021589613 -4.501080513 -0.993736386 0.009908407 -0.111309625 110.145454407
-0.111587800 0.023679819 0.993472397 64.047744751 0.012367700 0.999671757 -0.022438429 -4.526188850 -0.993677557 0.009783113 -0.111844040 110.060401917
-0.112531349 0.021307632 0.993419707 64.814033508 0.010720423 0.999737918 -0.020228773 -4.554106712 -0.993590355 0.008373509 -0.112730265 109.989685059
-0.112314992 0.016502475 0.993535638 65.562957764 0.010683085 0.999824286 -0.015399256 -4.576443672 -0.993615210 0.008884459 -0.112471551 109.905136108
-0.112028942 0.014837964 0.993594289 66.297363281 0.013465229 0.999819338 -0.013412709 -4.600796223 -0.993613601 0.011876361 -0.112208523 109.810974121
-0.112842582 0.013966965 0.993514717 67.044372559 0.013283084 0.999832928 -0.012547107 -4.627284050 -0.993524075 0.011781091 -0.113009252 109.728630066
-0.114862658 0.015111561 0.993266404 67.794097900 0.011773852 0.999834716 -0.013849945 -4.649507046 -0.993311584 0.010103730 -0.115021594 109.653335571
-0.116858117 0.015781026 0.993023276 68.540969849 0.011381002 0.999829292 -0.014549882 -4.675392628 -0.993083358 0.009601326 -0.117017776 109.564796448
-0.119035758 0.015902756 0.992762566 69.281608582 0.012474283 0.999816716 -0.014520044 -4.700141430 -0.992811561 0.010655594 -0.119212314 109.478240967
-0.121114358 0.016181875 0.992506564 70.030258179 0.012235210 0.999815404 -0.014807992 -4.720997810 -0.992563069 0.010350067 -0.121289983 109.390594482
-0.123179138 0.015880745 0.992257357 70.778480530 0.011791606 0.999824703 -0.014538044 -4.743030071 -0.992314339 0.009909524 -0.123344801 109.300788879
-0.124741495 0.016114855 0.992058396 71.527107239 0.009576038 0.999841034 -0.015037186 -4.765515327 -0.992143035 0.007624228 -0.124875940 109.211296082
-0.125896260 0.017606676 0.991887093 72.279357910 0.009525519 0.999817848 -0.016538421 -4.789634228 -0.991997600 0.007366116 -0.126041010 109.120994568
-0.126937911 0.018112648 0.991745234 73.042846680 0.008944652 0.999813437 -0.017115140 -4.809644699 -0.991870284 0.006698255 -0.127076209 109.031845093
-0.128086358 0.018309435 0.991594017 73.806121826 0.008081787 0.999815643 -0.017417304 -4.835004807 -0.991730034 0.005782933 -0.128210723 108.934356689
-0.129293576 0.016902648 0.991462290 74.590400696 0.008819776 0.999834776 -0.015895225 -4.854255676 -0.991567016 0.006689324 -0.129421309 108.841178894
-0.130388394 0.014067179 0.991363168 75.364822388 0.005626903 0.999893665 -0.013448152 -4.883724689 -0.991447031 0.003824820 -0.130453706 108.743698120
-0.131951734 0.011924314 0.991184413 76.142356873 0.002725082 0.999928117 -0.011666730 -4.904450417 -0.991252482 0.001161613 -0.131974787 108.644165039
-0.134169132 0.011472659 0.990891993 76.930793762 0.004072839 0.999930918 -0.011025842 -4.923489094 -0.990949988 0.002556417 -0.134206578 108.540420532
-0.136038408 0.011804055 0.990633249 77.731559753 0.005256402 0.999923408 -0.011192922 -4.950124741 -0.990689635 0.003684500 -0.136090055 108.435676575
-0.138322070 0.013257713 0.990298510 78.529357910 0.005029237 0.999906778 -0.012683876 -4.965760708 -0.990374506 0.003225986 -0.138375849 108.331703186
-0.139780089 0.016729631 0.990041137 79.343116760 0.006371696 0.999851644 -0.015995810 -4.996181488 -0.990162075 0.004072346 -0.139865950 108.219299316
-0.140187725 0.020570485 0.989911199 80.149635315 0.008375721 0.999772847 -0.019589271 -5.020306587 -0.990089536 0.005545045 -0.140328199 108.101966858
-0.141543403 0.024537310 0.989627898 80.967758179 0.009170093 0.999682367 -0.023475036 -5.047256947 -0.989889622 0.005752245 -0.141723439 107.994712830
-0.141063914 0.025717070 0.989666402 81.794433594 0.011779408 0.999635339 -0.024297122 -5.077503204 -0.989930451 0.008230239 -0.141315401 107.877861023
-0.140480772 0.024843497 0.989771664 82.628524780 0.014412557 0.999630630 -0.023045342 -5.108308792 -0.989978433 0.011027713 -0.140786916 107.750274658
-0.140614972 0.023258064 0.989791036 83.470115662 0.014993492 0.999659419 -0.021359887 -5.134823799 -0.989950776 0.011836906 -0.140915751 107.637237549
-0.139688089 0.021274760 0.989966989 84.298019409 0.014024158 0.999711394 -0.019505307 -5.167198658 -0.990096211 0.011158792 -0.139946118 107.520507812
-0.137983114 0.018415505 0.990263462 85.149215698 0.012941473 0.999775231 -0.016789131 -5.201033115 -0.990350008 0.010498849 -0.138190433 107.410781860
-0.136450782 0.015531896 0.990525126 86.000976562 0.013898196 0.999808669 -0.013762906 -5.224172115 -0.990549326 0.011888551 -0.136640564 107.301567078
-0.134494603 0.012116473 0.990840256 86.855781555 0.014193833 0.999846160 -0.010299960 -5.249430656 -0.990812659 0.012678529 -0.134645879 107.184600830
-0.133042410 0.012045087 0.991037250 87.709182739 0.012971535 0.999861598 -0.010410967 -5.273999691 -0.991025388 0.011470170 -0.133180261 107.079154968
-0.131643698 0.016086597 0.991166472 88.569122314 0.013737493 0.999801815 -0.014402180 -5.304794312 -0.991201878 0.011720188 -0.131838620 106.966522217
-0.129815757 0.022485625 0.991283059 89.417953491 0.014981047 0.999673188 -0.020714059 -5.328493118 -0.991424918 0.012161449 -0.130110189 106.860595703
-0.128360868 0.025948869 0.991387904 90.270103455 0.012033178 0.999624848 -0.024606448 -5.354124069 -0.991654396 0.008771044 -0.128624976 106.756881714
-0.126759127 0.023588929 0.991652966 91.129699707 0.011043427 0.999688745 -0.022368440 -5.381650925 -0.991872013 0.008115843 -0.126980200 106.651435852
