1.000000000 -0.000000000 0.000000000 0.000000000 -0.000000000 1.000000000 0.000000000 0.000000000 0.000000000 0.000000000 1.000000000 0.000000000
0.999997377 0.000995819 0.002049714 -0.009119861 -0.000993608 0.999998927 -0.001079777 -0.017029673 -0.002050787 0.001077738 0.999997318 1.206177592
0.999971390 0.002130882 0.007250635 -0.071672305 -0.002125653 0.999997497 -0.000728821 -0.037070047 -0.007252170 0.000713388 0.999973416 2.395996571
0.999959230 0.001585748 0.008883742 -0.073945001 -0.001581890 0.999998629 -0.000441326 -0.056204639 -0.008884430 0.000427254 0.999960363 3.589545250
0.999950528 0.001390142 0.009848833 -0.067425884 -0.001384482 0.999998868 -0.000581476 -0.075808249 -0.009849630 0.000567812 0.999951303 4.784733772
0.999942780 0.001193759 0.010627183 -0.062618822 -0.001190654 0.999999225 -0.000298463 -0.099723801 -0.010627531 0.000285793 0.999943495 5.980744362
0.999935150 0.001461072 0.011289405 -0.051818453 -0.001447274 0.999998212 -0.001230306 -0.121753782 -0.011291183 0.001213887 0.999935508 7.179386616
0.999922454 0.001453797 0.012365893 -0.049634330 -0.001438286 0.999998093 -0.001263115 -0.148837253 -0.012367706 0.001245231 0.999922693 8.368079185
0.999922693 0.001195221 0.012377644 -0.040142886 -0.001197732 0.999999285 0.000195506 -0.170220315 -0.012377402 -0.000210316 0.999923348 9.573213577
0.999937892 0.000776082 0.011119308 -0.034474105 -0.000789035 0.999999046 0.001160528 -0.189734653 -0.011118398 -0.001169230 0.999937475 10.773711205
0.999959767 -0.000946779 0.008914616 -0.030879140 0.000939701 0.999999225 0.000798064 -0.216628686 -0.008915365 -0.000789655 0.999959946 11.966767311
0.999974310 -0.000612439 0.007136125 -0.034675457 0.000610356 0.999999762 0.000294058 -0.233284682 -0.007136304 -0.000289695 0.999974549 13.165261269
0.999983072 -0.000520958 0.005792603 -0.029491439 0.000519737 0.999999821 0.000212292 -0.256522506 -0.005792713 -0.000209278 0.999983191 14.358849525
0.999986589 0.000966007 0.005089973 -0.037181437 -0.000965610 0.999999523 -0.000080385 -0.275079846 -0.005090048 0.000075469 0.999987066 15.539769173
0.999988973 0.000777616 0.004625323 -0.037823401 -0.000777544 0.999999642 -0.000017217 -0.294792742 -0.004625334 0.000013621 0.999989331 16.738573074
0.999993443 -0.000216359 0.003616799 -0.031959370 0.000215170 0.999999881 0.000329002 -0.315060079 -0.003616869 -0.000328222 0.999993443 17.916921616
0.999993622 0.000032406 0.003575809 -0.038118817 -0.000035524 0.999999583 0.000871927 -0.340283573 -0.003575779 -0.000872048 0.999993205 19.119503021
0.999996722 0.000264582 0.002557996 -0.037844997 -0.000264867 1.000000000 0.000111001 -0.363044500 -0.002557966 -0.000111678 0.999996722 20.316087723
0.999996543 -0.000343462 0.002605550 -0.051196676 0.000345510 0.999999642 -0.000785514 -0.388292223 -0.002605279 0.000786411 0.999996305 21.520687103
0.999997854 0.000843132 0.001887691 -0.054158468 -0.000842521 0.999999642 -0.000324387 -0.406844050 -0.001887964 0.000322796 0.999998093 22.719711304
0.999998987 0.000328270 0.001406117 -0.068949431 -0.000327474 0.999999881 -0.000566512 -0.429878861 -0.001406302 0.000566051 0.999998868 23.907693863
0.999999821 0.000507421 0.000383089 -0.073864624 -0.000507003 0.999999225 -0.001090221 -0.452550501 -0.000383642 0.001090027 0.999999344 25.099773407
0.999999762 0.000601049 -0.000373621 -0.084331125 -0.000601089 0.999999821 -0.000106288 -0.482092261 0.000373556 0.000106513 0.999999940 26.289686203
0.999999046 -0.000954592 -0.001032695 -0.092230096 0.000956330 0.999998152 0.001683186 -0.502298474 0.001031086 -0.001684172 0.999998033 27.492385864
0.999997556 -0.000872827 -0.002020225 -0.096394032 0.000875886 0.999998450 0.001513688 -0.521821499 0.002018901 -0.001515454 0.999996781 28.688894272
0.999994457 -0.001564175 -0.002925865 -0.106432773 0.001566514 0.999998391 0.000797333 -0.543977082 0.002924615 -0.000801912 0.999995351 29.887477875
0.999992013 -0.001729778 -0.003596816 -0.113814525 0.001729320 0.999998510 -0.000130641 -0.563385487 0.003597039 0.000124420 0.999993503 31.077392578
0.999990106 -0.001176398 -0.004271220 -0.128500015 0.001176274 0.999999285 -0.000031667 -0.582488835 0.004271254 0.000026643 0.999990821 32.272224426
0.999986649 -0.001503975 -0.004943677 -0.137004435 0.001506401 0.999998748 0.000486857 -0.603954852 0.004942936 -0.000494298 0.999987662 33.472648621
0.999981403 -0.002152116 -0.005710538 -0.147236288 0.002155677 0.999997556 0.000617574 -0.626362920 0.005709194 -0.000629872 0.999983490 34.659645081
0.999978006 -0.002747959 -0.006018484 -0.163728818 0.002752137 0.999995887 0.000686197 -0.646676719 0.006016573 -0.000702746 0.999981642 35.872638702
0.999975860 -0.002649121 -0.006413939 -0.177715242 0.002652070 0.999996364 0.000451236 -0.664431274 0.006412720 -0.000468236 0.999979317 37.075973511
0.999974132 -0.003715633 -0.006158214 -0.197300553 0.003724392 0.999992073 0.001411322 -0.693686187 0.006152921 -0.001434221 0.999979973 38.258480072
0.999974012 -0.003321845 -0.006390403 -0.201005816 0.003338388 0.999991119 0.002579751 -0.708428264 0.006381776 -0.002601018 0.999976218 39.459991455
0.999975741 -0.002912994 -0.006332589 -0.214478537 0.002933184 0.999990642 0.003181210 -0.726862431 0.006323263 -0.003199708 0.999974847 40.651748657
0.999975204 -0.002355593 -0.006629574 -0.222246826 0.002375487 0.999992669 0.002994611 -0.746071815 0.006622471 -0.003010286 0.999973536 41.857105255
0.999974549 -0.001468123 -0.006974932 -0.227232695 0.001487733 0.999994874 0.002807006 -0.760205090 0.006970774 -0.002817312 0.999971747 43.046478271
0.999979973 0.000969728 -0.006245018 -0.245961055 -0.000940092 0.999988258 0.004746687 -0.775809407 0.006249547 -0.004740722 0.999969304 44.268257141
0.999991536 0.000938885 -0.003980320 -0.267010599 -0.000908237 0.999969959 0.007694692 -0.794970870 0.003987425 -0.007691011 0.999962449 45.472072601
0.999997020 0.001293367 -0.002014853 -0.283013165 -0.001272491 0.999945879 0.010328334 -0.803512335 0.002028103 -0.010325739 0.999944627 46.669589996
0.999997437 0.002076348 -0.000805684 -0.278663814 -0.002065000 0.999902129 0.013838092 -0.810642779 0.000834338 -0.013836393 0.999903858 47.872180939
0.999997675 0.001758836 0.001260132 -0.300571084 -0.001777978 0.999880552 0.015353418 -0.819825292 -0.001232977 -0.015355621 0.999881327 49.089012146
0.999996781 -0.000312389 0.002556397 -0.298565775 0.000276978 0.999904215 0.013840431 -0.822459102 -0.002560475 -0.013839674 0.999900877 50.301239014
0.999992192 0.000839944 0.003872968 -0.300137281 -0.000886268 0.999927998 0.011974731 -0.826701701 -0.003862630 -0.011978068 0.999920785 51.504016876
0.999988675 0.000650375 0.004705168 -0.303254604 -0.000705773 0.999930263 0.011781700 -0.833939672 -0.004697177 -0.011784887 0.999919534 52.687446594
0.999987364 0.000323071 0.005034730 -0.306180924 -0.000379048 0.999938011 0.011121069 -0.837262392 -0.005030826 -0.011122835 0.999925494 53.891139984
0.999989867 0.000059872 0.004486856 -0.312319577 -0.000104383 0.999950707 0.009920754 -0.840697527 -0.004486041 -0.009921120 0.999940753 55.106784821
0.999995887 0.000441066 0.002829183 -0.315642834 -0.000471196 0.999943018 0.010657775 -0.847826540 -0.002824321 -0.010659062 0.999939203 56.320102692
0.999998331 0.000263959 0.001796073 -0.322976768 -0.000284543 0.999934196 0.011470185 -0.854015052 -0.001792928 -0.011470676 0.999932587 57.504531860
0.999999523 -0.000506022 0.000801886 -0.325901508 0.000496401 0.999928534 0.011953934 -0.863491356 -0.000807877 -0.011953530 0.999928236 58.712505341
0.999999404 0.001100255 -0.000030941 -0.332881600 -0.001099812 0.999929488 0.011823539 -0.873227656 0.000043950 -0.011823494 0.999930024 59.904918671
0.999998271 0.001721195 -0.000821284 -0.337485522 -0.001711575 0.999931574 0.011573682 -0.877779365 0.000841149 -0.011572253 0.999932647 61.110115051
0.999999702 0.000425573 -0.000575944 -0.347752035 -0.000419183 0.999938846 0.011049710 -0.886284828 0.000580613 -0.011049465 0.999938726 62.301639557
0.999999523 -0.000560555 -0.000800153 -0.353058726 0.000568739 0.999947131 0.010265677 -0.896723330 0.000794358 -0.010266127 0.999946952 63.510410309
0.999998391 -0.001253195 -0.001265598 -0.357603490 0.001268075 0.999929249 0.011825949 -0.911969066 0.001250687 -0.011827536 0.999929190 64.698272705
0.999998689 -0.001056728 -0.001232151 -0.370803028 0.001072788 0.999913454 0.013107043 -0.914048553 0.001218193 -0.013108348 0.999913275 65.894111633
0.999998689 -0.000569458 -0.001485960 -0.382768303 0.000586686 0.999932289 0.011620109 -0.925866425 0.001479242 -0.011620967 0.999931395 67.091758728
0.999998629 0.001167306 -0.001129363 -0.396620303 -0.001155299 0.999943435 0.010574675 -0.934385478 0.001141642 -0.010573356 0.999943435 68.290412903
0.999993682 0.003234947 -0.001478504 -0.401249141 -0.003218589 0.999935031 0.010935514 -0.945562065 0.001513783 -0.010930687 0.999939084 69.485237122
0.999984145 0.005497210 -0.001186076 -0.412086129 -0.005483855 0.999924660 0.010983144 -0.950471699 0.001246362 -0.010976465 0.999938965 70.672012329
0.999977350 0.006649592 -0.001059836 -0.422902614 -0.006636859 0.999910712 0.011596133 -0.961470127 0.001136849 -0.011588837 0.999932110 71.872497559
0.999972880 0.007353851 0.000370703 -0.434192359 -0.007357994 0.999890983 0.012802785 -0.971360981 -0.000276513 -0.012805167 0.999917865 73.067047119
0.999958754 0.008937474 0.001635749 -0.432043016 -0.008958413 0.999871790 0.013275358 -0.974443495 -0.001516891 -0.013289466 0.999910474 74.262779236
0.999959171 0.007872900 0.004441802 -0.429483324 -0.007921943 0.999906659 0.011133892 -0.985339820 -0.004353731 -0.011168623 0.999928176 75.440818787
0.999962151 0.005259497 0.006936653 -0.425859094 -0.005300319 0.999968648 0.005879667 -0.992930055 -0.006905511 -0.005916208 0.999958754 76.615310669
0.999931395 0.006671599 0.009621878 -0.419506848 -0.006725179 0.999962032 0.005546998 -1.005740047 -0.009584506 -0.005611326 0.999938250 77.799606323
0.999912143 0.005388490 0.012116447 -0.407191336 -0.005500854 0.999942005 0.009259424 -1.020078182 -0.012065852 -0.009325260 0.999883652 78.981330872
0.999862552 0.005666673 0.015581614 -0.393384933 -0.005831056 0.999927640 0.010524659 -1.030879021 -0.015520847 -0.010614071 0.999823153 80.160247803
0.999786317 0.005661522 0.019883377 -0.379286528 -0.005836161 0.999944806 0.008736140 -1.040295601 -0.019832820 -0.008850316 0.999764144 81.326560974
0.999715269 0.004478468 0.023438338 -0.357116580 -0.004615946 0.999972463 0.005814698 -1.054107547 -0.023411650 -0.005921233 0.999708354 82.492057800
0.999637246 0.003227930 0.026738066 -0.328827858 -0.003290128 0.999992013 0.002282528 -1.068362117 -0.026730482 -0.002369671 0.999639869 83.654144287
0.999532223 0.002755999 0.030459113 -0.299746037 -0.002802422 0.999994993 0.001481531 -1.086426854 -0.030454878 -0.001566197 0.999534905 84.808013916
0.999424517 0.002589292 0.033821698 -0.262093544 -0.002697630 0.999991357 0.003157981 -1.106452107 -0.033813227 -0.003247402 0.999422848 85.976394653
0.999281108 0.003926750 0.037708100 -0.230950356 -0.004071976 0.999984562 0.003775293 -1.127515912 -0.037692688 -0.003926124 0.999281645 87.142234802
0.999132693 0.003507945 0.041491941 -0.185670137 -0.003570793 0.999992549 0.001440685 -1.143872023 -0.041486580 -0.001587595 0.999137819 88.289924622
0.998993158 0.003373837 0.044736762 -0.137469530 -0.003340333 0.999994099 -0.000823663 -1.162702799 -0.044739272 0.000673398 0.998998523 89.437889099
0.998849869 0.003361678 0.047827963 -0.083432198 -0.003309919 0.999993861 -0.001161349 -1.183794975 -0.047831565 0.001001707 0.998854816 90.608818054
0.998714447 0.002196107 0.050640624 -0.026639938 -0.002203017 0.999997497 0.000080642 -1.204519272 -0.050640330 -0.000192101 0.998716950 91.761428833
0.998565435 0.001761409 0.053515758 0.026257515 -0.001847500 0.999997079 0.001559280 -1.222619534 -0.053512856 -0.001655913 0.998565853 92.919792175
0.998421729 0.000821900 0.056155380 0.090760231 -0.001010536 0.999993920 0.003330851 -1.240773678 -0.056152295 -0.003382341 0.998416483 94.082702637
0.998288870 -0.000679565 0.058471370 0.157153130 0.000438557 0.999991357 0.004134540 -1.253206968 -0.058473676 -0.004101822 0.998280466 95.237693787
0.998141944 -0.001658848 0.060908612 0.220389843 0.001541912 0.999996901 0.001966808 -1.271016955 -0.060911693 -0.001869237 0.998141408 96.395072937
0.998018265 -0.003326806 0.062835783 0.297073841 0.003436363 0.999992788 -0.001635568 -1.289950132 -0.062829889 0.001848254 0.998022556 97.547721863
0.997863352 -0.002238354 0.065297134 0.363068104 0.002530013 0.999987125 -0.004384284 -1.310539126 -0.065286487 0.004540119 0.997856200 98.722785950
0.997742653 -0.002075360 0.067121774 0.436063766 0.002441671 0.999982595 -0.005375839 -1.328503370 -0.067109451 0.005527594 0.997730315 99.901763916
0.997723460 -0.001981788 0.067409083 0.509466171 0.002298350 0.999986649 -0.004618919 -1.353091359 -0.067399032 0.004763335 0.997714758 101.075134277
0.997786641 -0.001826439 0.066471502 0.586061478 0.002010601 0.999994338 -0.002703745 -1.375946641 -0.066466190 0.002831408 0.997784734 102.258056641
0.997880578 -0.002455832 0.065024629 0.660590649 0.002543075 0.999995947 -0.001258957 -1.396373987 -0.065021276 0.001421650 0.997882843 103.443115234
0.997979999 -0.002207910 0.063489296 0.719871998 0.002243256 0.999997318 -0.000485423 -1.419337273 -0.063488051 0.000626865 0.997982383 104.638885498
0.998144031 -0.002122475 0.060859822 0.789028168 0.002129269 0.999997735 -0.000046776 -1.438191295 -0.060859598 0.000176277 0.998146236 105.840873718
0.998318017 -0.001377763 0.057959452 0.853712559 0.001385958 0.999998987 -0.000101211 -1.455764771 -0.057959251 0.000181370 0.998318970 107.046615601
0.998524845 0.000246505 0.054296933 0.902326584 -0.000204638 0.999999702 -0.000776655 -1.468625546 -0.054297104 0.000764398 0.998524547 108.244346619
0.998729706 0.000365222 0.050386474 0.960460186 -0.000356697 0.999999881 -0.000178185 -1.488622546 -0.050386526 0.000159986 0.998729765 109.440483093
0.998929799 0.000745146 0.046246402 1.011359692 -0.000796459 0.999999106 0.001091147 -1.510280252 -0.046245545 -0.001126813 0.998929441 110.660194397
0.999127686 0.001220250 0.041740358 1.068049192 -0.001288265 0.999997854 0.001602625 -1.525897741 -0.041738313 -0.001654999 0.999127209 111.878829956
0.999294162 0.001576022 0.037531093 1.104040623 -0.001644132 0.999997020 0.001783983 -1.537344217 -0.037528168 -0.001844430 0.999293804 113.097373962
0.999476194 0.001835411 0.032311156 1.147451401 -0.001909218 0.999995649 0.002253540 -1.560755253 -0.032306880 -0.002314049 0.999475300 114.321113586
0.999624372 0.002415526 0.027299417 1.174417496 -0.002478892 0.999994278 0.002287518 -1.579223394 -0.027293732 -0.002354331 0.999624670 115.543914795
0.999738038 0.003074672 0.022685388 1.186630845 -0.003116273 0.999993503 0.001798697 -1.593249559 -0.022679713 -0.001868920 0.999741018 116.769783020
0.999829471 0.004266578 0.017969199 1.201721430 -0.004285426 0.999990225 0.001010502 -1.607392430 -0.017964711 -0.001087335 0.999837995 117.992599487
0.999874651 0.006101250 0.014609422 1.212912321 -0.006121183 0.999980509 0.001320098 -1.633804440 -0.014601081 -0.001409360 0.999892414 119.224937439
0.999894559 0.007788859 0.012256255 1.223874331 -0.007805698 0.999968648 0.001326608 -1.649108171 -0.012245540 -0.001422136 0.999924004 120.465515137
0.999892890 0.009259269 0.011343815 1.223042250 -0.009269756 0.999956667 0.000872286 -1.668099523 -0.011335249 -0.000977347 0.999935269 121.699806213
0.999880910 0.011416262 0.010386862 1.227616310 -0.011429504 0.999933958 0.001216263 -1.685696125 -0.010372291 -0.001334835 0.999945283 122.958068848
0.999872863 0.012683683 0.009661616 1.224612713 -0.012704684 0.999917090 0.002115380 -1.703593135 -0.009633984 -0.002237859 0.999951065 124.204559326
0.999878049 0.012566101 0.009272259 1.222306013 -0.012590156 0.999917507 0.002540372 -1.718971014 -0.009239572 -0.002656801 0.999953747 125.454521179
0.999830902 0.016376939 0.008356176 1.225161910 -0.016415602 0.999854803 0.004579876 -1.737411141 -0.008279958 -0.004716273 0.999954581 126.702926636
0.999818802 0.017397812 0.007717022 1.225062490 -0.017457262 0.999818027 0.007704454 -1.748772383 -0.007581576 -0.007837777 0.999940574 127.955474854
0.999842644 0.016444571 0.006655043 1.233926773 -0.016492654 0.999837816 0.007236226 -1.760612249 -0.006534966 -0.007344846 0.999951661 129.208953857
0.999851227 0.015888512 0.006736314 1.231361389 -0.015927454 0.999856472 0.005766749 -1.770513058 -0.006643724 -0.005873182 0.999960661 130.471725464
0.999897838 0.013191949 0.005514486 1.241194010 -0.013231273 0.999886811 0.007156557 -1.783629537 -0.005419455 -0.007228789 0.999959230 131.728393555
0.999924421 0.011138505 0.005217004 1.233224154 -0.011185336 0.999896586 0.009034850 -1.795507312 -0.005115830 -0.009092521 0.999945641 132.993545532
0.999957561 0.007790001 0.004924097 1.242668271 -0.007841288 0.999914289 0.010483395 -1.799400568 -0.004842010 -0.010521560 0.999932945 134.265548706
0.999975920 0.005462760 0.004287097 1.249399662 -0.005512687 0.999916077 0.011721388 -1.809303403 -0.004222705 -0.011744739 0.999922156 135.531433105
0.999987423 0.001555462 0.004771573 1.251337051 -0.001602408 0.999950171 0.009850874 -1.816708922 -0.004756011 -0.009858395 0.999940097 136.801376343
0.999988973 -0.000753851 0.004639447 1.257302284 0.000712652 0.999960303 0.008875377 -1.824051857 -0.004645954 -0.008871973 0.999949813 138.072433472
0.999986231 -0.001989407 0.004860893 1.257954597 0.001947950 0.999961734 0.008518449 -1.832790732 -0.004877653 -0.008508863 0.999951899 139.340820312
0.999981582 -0.002116127 0.005688351 1.261616111 0.002065409 0.999958158 0.008907124 -1.839879632 -0.005706961 -0.008895212 0.999944150 140.646255493
0.999979258 -0.001815084 0.006179083 1.261434078 0.001748455 0.999940515 0.010771258 -1.847530127 -0.006198266 -0.010760231 0.999922931 141.921142578
0.999976277 0.000529976 0.006867209 1.265528917 -0.000615057 0.999922991 0.012393211 -1.858240366 -0.006860113 -0.012397139 0.999899566 143.213348389
0.999973714 0.000388219 0.007239248 1.271973729 -0.000464366 0.999944568 0.010519931 -1.863510489 -0.007234764 -0.010523017 0.999918401 144.490585327
0.999967754 0.000743355 0.007991320 1.269264221 -0.000815419 0.999958932 0.009018239 -1.878378153 -0.007984289 -0.009024464 0.999927402 145.769714355
0.999965906 0.000732749 0.008220281 1.278827310 -0.000785433 0.999979138 0.006407653 -1.888041973 -0.008215414 -0.006413891 0.999945641 147.040878296
0.999959648 -0.000277880 0.008973424 1.278748751 0.000256202 0.999997079 0.002416904 -1.906054616 -0.008974069 -0.002414508 0.999956787 148.307723999
0.999954224 -0.000064208 0.009563133 1.286201715 0.000072659 0.999999523 -0.000883354 -1.930364490 -0.009563073 0.000884008 0.999953866 149.583648682
0.999959469 -0.000900929 0.008956234 1.302342653 0.000917890 0.999997735 -0.001889800 -1.951332927 -0.008954511 0.001897944 0.999958098 150.855697632
0.999954641 -0.001016916 0.009468806 1.304831624 0.001032023 0.999998212 -0.001590665 -1.977113962 -0.009467172 0.001600365 0.999953866 152.137542725
0.999959111 -0.000269216 0.009039075 1.311318278 0.000279921 0.999999285 -0.001183006 -1.999019980 -0.009038749 0.001185488 0.999958456 153.405609131
0.999956250 0.000468194 0.009338672 1.312407732 -0.000468172 0.999999881 -0.000004638 -2.024213552 -0.009338673 0.000000266 0.999956369 154.676956177
0.999958456 0.000904788 0.009068999 1.315220594 -0.000907940 0.999999642 0.000343531 -2.043350458 -0.009068686 -0.000351751 0.999958754 155.944732666
0.999963403 0.001085564 0.008488563 1.321035743 -0.001086331 0.999999344 0.000085755 -2.064572811 -0.008488468 -0.000094973 0.999963939 157.211120605
0.999968886 0.001405598 0.007750243 1.325097919 -0.001408243 0.999998927 0.000335823 -2.086344719 -0.007749763 -0.000346727 0.999969900 158.485214233
0.999975801 0.000936628 0.006891374 1.329930067 -0.000946730 0.999998510 0.001462844 -2.105493307 -0.006889993 -0.001469333 0.999975145 159.756683350
0.999975443 0.001939612 0.006732907 1.329173923 -0.001951497 0.999996543 0.001759071 -2.125861406 -0.006729472 -0.001772167 0.999975681 161.033920288
0.999980688 0.001947762 0.005910328 1.333451390 -0.001951475 0.999997973 0.000622556 -2.144561529 -0.005909103 -0.000634078 0.999982297 162.303787231
0.999982238 0.002673132 0.005332128 1.333326817 -0.002671217 0.999996364 -0.000366292 -2.166820526 -0.005333088 0.000352042 0.999985754 163.559890747
0.999982655 0.003505008 0.004734731 1.332653522 -0.003502957 0.999993861 -0.000441339 -2.187159777 -0.004736247 0.000424746 0.999988794 164.823196411
0.999987364 0.003148495 0.003925792 1.330516696 -0.003143581 0.999994278 -0.001257265 -2.211336374 -0.003929729 0.001244908 0.999991477 166.097457886
0.999990225 0.003340679 0.002915970 1.330570340 -0.003332630 0.999990642 -0.002760616 -2.229985714 -0.002925166 0.002750871 0.999991953 167.364151001
0.999991775 0.003217349 0.002472433 1.327814221 -0.003212495 0.999992907 -0.001964489 -2.259876490 -0.002478736 0.001956531 0.999995053 168.635437012
0.999993265 0.003404790 0.001389442 1.328421354 -0.003404218 0.999994159 -0.000413315 -2.286060810 -0.001390842 0.000408582 0.999998987 169.911956787
0.999992847 0.003517245 0.001361204 1.319050789 -0.003517093 0.999993742 -0.000114225 -2.307202101 -0.001361595 0.000109436 0.999999046 171.177108765
0.999990642 0.004267068 0.000691544 1.310930371 -0.004267254 0.999990821 0.000267925 -2.327915430 -0.000690393 -0.000270873 0.999999702 172.446731567
0.999990046 0.004467492 -0.000118936 1.301979661 -0.004467431 0.999989927 0.000502847 -2.351419449 0.000121181 -0.000502311 0.999999821 173.745727539
0.999988019 0.004876307 -0.000381366 1.293449640 -0.004876429 0.999988079 -0.000320783 -2.376185417 0.000379799 0.000322639 0.999999881 174.982849121
0.999983609 0.005696704 -0.000483007 1.276561975 -0.005697331 0.999983013 -0.001306988 -2.392200470 0.000475554 0.001309719 0.999998987 176.252807617
0.999983847 0.005558565 -0.001181430 1.265265346 -0.005559401 0.999984384 -0.000705817 -2.413882017 0.001177487 0.000712374 0.999999046 177.512832642
0.999980450 0.006149846 -0.001120123 1.249364972 -0.006152124 0.999978960 -0.002040753 -2.437009335 0.001107549 0.002047604 0.999997258 178.762390137
0.999985516 0.005222013 -0.001299037 1.241205931 -0.005226946 0.999979079 -0.003823820 -2.457247257 0.001279040 0.003830554 0.999991834 180.027725220
0.999997020 0.001948535 -0.001429907 1.234616280 -0.001953762 0.999991357 -0.003662709 -2.484303236 0.001422757 0.003665493 0.999992251 181.292144775
0.999995887 0.002186069 -0.001865492 1.234825850 -0.002185753 0.999997556 0.000171356 -2.509628773 0.001865862 -0.000167278 0.999998212 182.556457520
0.999997616 0.001354697 -0.001738950 1.224602461 -0.001346635 0.999988377 0.004629125 -2.532396793 0.001745199 -0.004626772 0.999987721 183.822235107
0.999995112 0.002605246 -0.001737975 1.219422579 -0.002598625 0.999989390 0.003800522 -2.546559334 0.001747858 -0.003795988 0.999991238 185.077987671
0.999990344 0.004219606 -0.001224039 1.203789830 -0.004218876 0.999990880 0.000598121 -2.563964367 0.001226554 -0.000592951 0.999999046 186.326522827
0.999988854 0.004276514 -0.002006004 1.199560165 -0.004279087 0.999990046 -0.001279446 -2.587714434 0.002000509 0.001288016 0.999997079 187.580993652
0.999987543 0.004590316 -0.001995983 1.187472820 -0.004592455 0.999988973 -0.001068169 -2.608736038 0.001991057 0.001077322 0.999997377 188.829589844
0.999990404 0.003990628 -0.001806714 1.179982543 -0.003990241 0.999992013 0.000218105 -2.634298325 0.001807570 -0.000210894 0.999998271 190.082290649
0.999989986 0.004126987 -0.001723715 1.170831203 -0.004122907 0.999988675 0.002364334 -2.656453609 0.001733453 -0.002357204 0.999995708 191.328430176
0.999993384 0.003524336 -0.000796562 1.164061069 -0.003521790 0.999988735 0.003174053 -2.679471016 0.000807740 -0.003171226 0.999994576 192.572540283
0.999993563 0.003506900 0.000586793 1.159788370 -0.003508413 0.999990463 0.002597849 -2.699754477 -0.000577677 -0.002599891 0.999996364 193.815994263
0.999995708 0.002398622 0.001636556 1.160942793 -0.002400287 0.999996543 0.001016773 -2.720460415 -0.001634113 -0.001020697 0.999998033 195.040359497
0.999991953 0.002390560 0.003235435 1.154736280 -0.002389729 0.999997139 -0.000260518 -2.747166157 -0.003236050 0.000252784 0.999994755 196.282974243
0.999986887 0.001991562 0.004732252 1.156086206 -0.001987864 0.999997795 -0.000786083 -2.770992517 -0.004733807 0.000776665 0.999988496 197.497650146
0.999980509 0.001841614 0.005959892 1.154808283 -0.001839888 0.999998271 -0.000295004 -2.790099859 -0.005960424 0.000284032 0.999982238 198.731460571
0.999973059 0.001365843 0.007198484 1.163296103 -0.001377359 0.999997795 0.001595068 -2.814373255 -0.007196289 -0.001604940 0.999972880 199.945755005
0.999960065 0.002507212 0.008572171 1.160371065 -0.002524950 0.999994695 0.002059169 -2.839807510 -0.008566963 -0.002080731 0.999961078 201.172332764
0.999947131 0.002441204 0.009988997 1.160447121 -0.002460102 0.999995232 0.001880021 -2.855891228 -0.009984361 -0.001904496 0.999948263 202.386123657
0.999938905 0.002344644 0.010799872 1.174742222 -0.002368408 0.999994755 0.002188151 -2.882127047 -0.010794688 -0.002213596 0.999939203 203.590438843
0.999927759 0.001868685 0.011878294 1.185557961 -0.001896664 0.999995470 0.002344653 -2.901609182 -0.011873862 -0.002367013 0.999926686 204.782821655
0.999912858 0.002741164 0.012909810 1.184804201 -0.002773023 0.999993205 0.002450550 -2.926936388 -0.012903005 -0.002486136 0.999913633 205.972061157
0.999895692 0.002287620 0.014256356 1.180647969 -0.002320777 0.999994636 0.002309695 -2.944064140 -0.014250997 -0.002342540 0.999895632 207.141830444
0.999896944 0.001474551 0.014281206 1.197113037 -0.001502629 0.999996960 0.001955623 -2.961724758 -0.014278281 -0.001976880 0.999896049 208.305572510
0.999882638 0.001369697 0.015259306 1.199092507 -0.001417053 0.999994159 0.003092955 -2.985267878 -0.015254983 -0.003114214 0.999878764 209.454086304
0.999884307 0.000948130 0.015178888 1.210819721 -0.001010962 0.999990940 0.004132298 -3.004750729 -0.015174834 -0.004147165 0.999876261 210.591033936
0.999894083 0.000894149 0.014528599 1.218567729 -0.000953519 0.999991357 0.004079995 -3.026018381 -0.014524823 -0.004093417 0.999886155 211.714385986
0.999897182 0.001436305 0.014267067 1.224275470 -0.001479531 0.999994397 0.003019716 -3.045034885 -0.014262648 -0.003040514 0.999893665 212.817016602
0.999907315 0.001531687 0.013528255 1.237462759 -0.001562462 0.999996185 0.002264627 -3.064770460 -0.013524735 -0.002285555 0.999905944 213.897583008
0.999916017 0.001351493 0.012892074 1.246638060 -0.001378245 0.999996960 0.002066382 -3.083250046 -0.012889243 -0.002083977 0.999914765 214.966857910
0.999930263 0.001353961 0.011729849 1.254752755 -0.001379317 0.999996722 0.002153740 -3.107722282 -0.011726894 -0.002169769 0.999928892 216.029006958
0.999948382 0.000846970 0.010118994 1.263585687 -0.000877268 0.999995112 0.002990078 -3.126996040 -0.010116413 -0.002998801 0.999944329 217.086532593
0.999969244 -0.000293204 0.007837988 1.270304322 0.000256596 0.999989033 0.004671211 -3.143351078 -0.007839273 -0.004669057 0.999958336 218.120559692
0.999984741 0.000045879 0.005534604 1.271851182 -0.000080145 0.999980807 0.006191203 -3.158310413 -0.005534215 -0.006191552 0.999965549 219.145721436
0.999995053 -0.000009303 0.003146377 1.271904230 -0.000010529 0.999980092 0.006303228 -3.176321030 -0.003146374 -0.006303230 0.999975085 220.153305054
0.999999583 0.000504547 0.000686774 1.269174337 -0.000508635 0.999982059 0.005966916 -3.195055962 -0.000683751 -0.005967262 0.999981880 221.146224976
0.999997258 0.000577908 -0.002239462 1.263768554 -0.000563753 0.999979913 0.006315778 -3.211219549 0.002243070 -0.006314498 0.999977529 222.112960815
0.999987185 0.001001735 -0.004965722 1.246610522 -0.000969125 0.999978006 0.006565177 -3.226078510 0.004972191 -0.006560280 0.999966085 223.062454224
0.999969900 0.001643634 -0.007576829 1.236254215 -0.001594898 0.999978006 0.006433768 -3.243386984 0.007587241 -0.006421491 0.999950647 223.988525391
0.999941111 0.001646597 -0.010727925 1.222481728 -0.001586514 0.999983013 0.005606679 -3.252970695 0.010736977 -0.005589329 0.999926805 224.892868042
0.999905944 0.001039336 -0.013674174 1.201557636 -0.000970885 0.999986947 0.005011577 -3.272048473 0.013679205 -0.004997832 0.999893963 225.772308350
0.999862015 0.002204476 -0.016465889 1.172049046 -0.002122322 0.999985218 0.005005164 -3.289123058 0.016476681 -0.004969528 0.999851942 226.631439209
0.999797165 0.002625493 -0.019964375 1.161570549 -0.002543258 0.999988198 0.004143343 -3.304176807 0.019975014 -0.004091729 0.999792159 227.465301514
0.999738157 0.004349217 -0.022463111 1.136720181 -0.004271087 0.999984741 0.003524942 -3.313662767 0.022478092 -0.003428078 0.999741495 228.280487061
0.999733508 0.005228157 -0.022485282 1.103837013 -0.005140816 0.999979019 0.003940425 -3.325905561 0.022505412 -0.003823782 0.999739468 229.082031250
0.999731004 0.004903486 -0.022670243 1.083864689 -0.004776216 0.999972582 0.005664696 -3.349626541 0.022697397 -0.005554894 0.999727011 229.864364624
0.999745846 0.005179293 -0.021941775 1.060489178 -0.005042306 0.999967396 0.006293990 -3.362579346 0.021973668 -0.006181753 0.999739468 230.613998413
0.999757230 0.004998254 -0.021460241 1.039804459 -0.004866031 0.999968827 0.006209120 -3.377349615 0.021490611 -0.006103186 0.999750435 231.362335205
0.999757886 0.005025997 -0.021423299 1.026001453 -0.004938302 0.999979198 0.004144409 -3.389845848 0.021443684 -0.004037611 0.999761939 232.094192505
0.999776781 0.005275759 -0.020460233 1.007565022 -0.005237577 0.999984443 0.001919329 -3.403246880 0.020470040 -0.001811738 0.999788880 232.833572388
0.999792159 0.005950684 -0.019501498 0.992091656 -0.005943055 0.999982238 0.000449208 -3.413848162 0.019503823 -0.000333217 0.999809802 233.562347412
0.999818623 0.005995118 -0.018078342 0.978061676 -0.005995358 0.999981999 0.000040927 -3.429484606 0.018078256 0.000067467 0.999836624 234.280914307
0.999852657 0.005214301 -0.016357336 0.965336084 -0.005213349 0.999986410 0.000100865 -3.443921566 0.016357632 -0.000015573 0.999866247 235.006988525
0.999882460 0.005236813 -0.014409849 0.952875853 -0.005237832 0.999986291 -0.000032969 -3.459368229 0.014409482 0.000108442 0.999896169 235.717056274
0.999904513 0.005663766 -0.012603700 0.942966938 -0.005667352 0.999983907 -0.000248742 -3.472996950 0.012602087 0.000320148 0.999920547 236.426559448
0.999931276 0.005120263 -0.010538789 0.931414843 -0.005128594 0.999986589 -0.000763643 -3.483395815 0.010534734 0.000817639 0.999944210 237.134948730
0.999958396 0.005141345 -0.007539427 0.926457524 -0.005141621 0.999986768 -0.000017301 -3.501978874 0.007539239 0.000056065 0.999971628 237.844390869
0.999979317 0.004236665 -0.004837324 0.929108262 -0.004233188 0.999990761 0.000728864 -3.516903639 0.004840367 -0.000708371 0.999988079 238.542343140
0.999992967 0.003550583 -0.001263627 0.918988883 -0.003549805 0.999993503 0.000617608 -3.525606155 0.001265810 -0.000613118 0.999999106 239.243194580
0.999992728 0.003343695 0.001825377 0.918064713 -0.003345454 0.999993920 0.000961423 -3.542119741 -0.001822151 -0.000967523 0.999997914 239.934463501
0.999985933 0.002309415 0.004761542 0.921792805 -0.002312391 0.999997079 0.000619559 -3.554272652 -0.004760095 -0.000630561 0.999988496 240.632934570
0.999966383 0.002490420 0.007795718 0.924625516 -0.002490220 0.999996841 -0.000035301 -3.563206673 -0.007795781 0.000015887 0.999969602 241.323562622
0.999939203 0.003267502 0.010530747 0.931576014 -0.003258500 0.999994338 -0.000871875 -3.574380159 -0.010533538 0.000837507 0.999944210 242.016693115
0.999903619 0.003210468 0.013509141 0.939067125 -0.003195362 0.999994218 -0.001139642 -3.589872122 -0.013512722 0.001096365 0.999908090 242.707351685
0.999866068 0.003496741 0.015990421 0.951716185 -0.003495001 0.999993861 -0.000136748 -3.602760077 -0.015990801 0.000080843 0.999872148 243.408798218
0.999814212 0.003362610 0.018981365 0.957882881 -0.003373107 0.999994218 0.000521022 -3.614019871 -0.018979503 -0.000584951 0.999819696 244.106277466
0.999771237 0.003552680 0.021086989 0.975660324 -0.003555950 0.999993682 0.000117582 -3.625565767 -0.021086436 -0.000192539 0.999777615 244.823562622
0.999720454 0.003696070 0.023350047 0.988393784 -0.003662691 0.999992192 -0.001472141 -3.637445927 -0.023355303 0.001386206 0.999726236 245.527832031
0.999672771 0.003749793 0.025303211 1.002205849 -0.003650450 0.999985397 -0.003971178 -3.649487019 -0.025317734 0.003877510 0.999671936 246.236404419
0.999657989 0.002310294 0.026047470 1.024840832 -0.002167155 0.999982357 -0.005522189 -3.663634300 -0.026059767 0.005463852 0.999645472 246.957962036
0.999647856 0.002431139 0.026426356 1.040368080 -0.002272553 0.999979198 -0.006029428 -3.676396608 -0.026440466 0.005967250 0.999632537 247.678512573
0.999654770 0.001635657 0.026221361 1.059965134 -0.001469843 0.999978781 -0.006341618 -3.694354534 -0.026231175 0.006300887 0.999636054 248.404083252
0.999646366 0.003148304 0.026406027 1.076338291 -0.002968985 0.999972284 -0.006827306 -3.707221508 -0.026426792 0.006746493 0.999627948 249.138656616
0.999636173 0.003939620 0.026683372 1.092608929 -0.003747178 0.999966681 -0.007258197 -3.721649170 -0.026711075 0.007155569 0.999617636 249.879150391
0.999632955 0.002383439 0.026987258 1.109087467 -0.002138516 0.999956310 -0.009100705 -3.739522457 -0.027007768 0.009039653 0.999594331 250.622940063
0.999621511 -0.001162914 0.027486300 1.129810810 0.001471482 0.999936104 -0.011208691 -3.758175373 -0.027471507 0.011244896 0.999559343 251.371490479
0.999598384 -0.004530509 0.027973603 1.154427528 0.004866187 0.999916852 -0.011943506 -3.774541855 -0.027917165 0.012074834 0.999537230 252.138168335
0.999590933 -0.002358135 0.028502785 1.173423290 0.002590118 0.999963820 -0.008104831 -3.788806915 -0.028482642 0.008175341 0.999560773 252.917175293
0.999572456 0.001731750 0.029187189 1.183968544 -0.001675336 0.999996662 -0.001957183 -3.802020788 -0.029190484 0.001907448 0.999571979 253.697372437
0.999551892 0.000819716 0.029924018 1.207642555 -0.000870450 0.999998212 0.001682443 -3.819204569 -0.029922586 -0.001707736 0.999550700 254.482376099
0.999474645 -0.000068990 0.032408182 1.231304646 0.000093955 0.999999642 -0.000768845 -3.829271078 -0.032408122 0.000771486 0.999474406 255.282150269
0.999341130 0.000996897 0.036284056 1.258283615 -0.000737935 0.999974191 -0.007149773 -3.836557865 -0.036290247 0.007118288 0.999315917 256.074981689
0.999181032 0.003210978 0.040335558 1.278532982 -0.002779841 0.999938548 -0.010740285 -3.849688530 -0.040367559 0.010619363 0.999128461 256.879089355
0.999050617 0.005065436 0.043268140 1.310695648 -0.004620180 0.999935448 -0.010384472 -3.867686749 -0.043317944 0.010174708 0.999009550 257.692321777
0.998916328 0.003435246 0.046415307 1.352376938 -0.003054733 0.999961197 -0.008266439 -3.883659840 -0.046441905 0.008115695 0.998888016 258.530029297
0.998785734 0.000365869 0.049265649 1.398723602 -0.000119988 0.999987543 -0.004993794 -3.901808739 -0.049266867 0.004981820 0.998773217 259.365722656
0.998634696 -0.002710923 0.052168444 1.440759659 0.002896443 0.999989748 -0.003480895 -3.919668674 -0.052158475 0.003627246 0.998632252 260.204040527
0.998465478 -0.001348961 0.055360459 1.483556747 0.001506313 0.999994934 -0.002800685 -3.936266184 -0.055356406 0.002879777 0.998462498 261.052459717
0.998342872 0.000763141 0.057541396 1.531422615 -0.000470156 0.999986887 -0.005105094 -3.949379921 -0.057544537 0.005069581 0.998330057 261.890167236
0.998199522 0.000956107 0.059973072 1.574073792 -0.000528721 0.999974370 -0.007141748 -3.973044872 -0.059978362 0.007097180 0.998174489 262.726562500
0.998012543 0.001905190 0.062986337 1.621181488 -0.001445295 0.999971926 -0.007346253 -3.986281395 -0.062998571 0.007240620 0.997987330 263.580718994
0.997838020 0.002828308 0.065658927 1.673550606 -0.002490264 0.999983191 -0.005229768 -4.005433083 -0.065672629 0.005054954 0.997828424 264.421447754
0.997602999 0.004384643 0.069058605 1.723176956 -0.004138091 0.999984562 -0.003712835 -4.021872520 -0.069073819 0.003418165 0.997605681 265.272888184
0.997426271 0.004824331 0.071536362 1.787876129 -0.004559985 0.999982178 -0.003858119 -4.041561127 -0.071553700 0.003521985 0.997430563 266.139495850
0.997224927 0.005041185 0.074275762 1.845233917 -0.004723372 0.999978900 -0.004453850 -4.057504654 -0.074296646 0.004090658 0.997227848 266.983917236
0.997036576 0.003260134 0.076859877 1.909265518 -0.002905759 0.999984682 -0.004722042 -4.074206352 -0.076874107 0.004484712 0.997030735 267.818908691
0.996897638 -0.000357164 0.078707986 1.981363297 0.000668743 0.999992073 -0.003932341 -4.093575001 -0.078705952 0.003972778 0.996889889 268.697998047
0.996840656 -0.000822823 0.079422764 2.052225113 0.001164477 0.999990344 -0.004255480 -4.107976437 -0.079418495 0.004334522 0.996831894 269.545074463
0.996802807 -0.001428018 0.079888724 2.114328384 0.001748882 0.999990761 -0.003946568 -4.129758835 -0.079882354 0.004073666 0.996795952 270.388366699
0.996784627 -0.001952420 0.080103986 2.189529419 0.002275918 0.999989629 -0.003947388 -4.145289421 -0.080095440 0.004117006 0.996778667 271.275573730
0.996791124 -0.001621054 0.080030628 2.251667023 0.001898036 0.999992430 -0.003385016 -4.161733627 -0.080024540 0.003526055 0.996786654 272.136383057
0.996844888 -0.001223820 0.079365082 2.317241669 0.001480439 0.999993861 -0.003174640 -4.176294804 -0.079360716 0.003282120 0.996840537 272.988708496
0.996933103 -0.001431206 0.078244448 2.386671066 0.001739035 0.999991000 -0.003866212 -4.196404934 -0.078238212 0.003990425 0.996926725 273.862365723
0.997064531 -0.001267886 0.076555759 2.449687958 0.001636142 0.999987364 -0.004747766 -4.215035439 -0.076548785 0.004859084 0.997054040 274.713775635
0.997180820 -0.000901562 0.075030059 2.515247345 0.001313204 0.999984384 -0.005437199 -4.234382629 -0.075023986 0.005520402 0.997166455 275.595794678
0.997287333 0.000388951 0.073605627 2.572265625 0.000040868 0.999982953 -0.005837885 -4.252276897 -0.073606648 0.005825056 0.997270405 276.451965332
0.997425854 0.001559158 0.071688764 2.628883362 -0.001143010 0.999982238 -0.005845590 -4.274777889 -0.071696602 0.005748602 0.997409940 277.303741455
0.997587383 0.002499605 0.069377400 2.683994293 -0.002125583 0.999982774 -0.005464407 -4.290492058 -0.069389857 0.005303754 0.997575581 278.152404785
0.997769415 0.002124097 0.066722706 2.733922958 -0.001856295 0.999989986 -0.004075397 -4.308053970 -0.066730700 0.003942449 0.997763216 279.012603760
0.998051524 0.000816177 0.062388606 2.784454346 -0.000709499 0.999998271 -0.001732007 -4.326018333 -0.062389906 0.001684368 0.998050332 279.854644775
0.998357117 -0.000975202 0.057289157 2.830022812 0.000965349 0.999999583 0.000199679 -4.347648144 -0.057289325 -0.000144048 0.998357594 280.698791504
0.998612046 -0.001608612 0.052642904 2.874130249 0.001517112 0.999997258 0.001778057 -4.365632057 -0.052645627 -0.001695724 0.998611808 281.545074463
0.998842180 -0.001579948 0.048080500 2.903322220 0.001468143 0.999996185 0.002360607 -4.378652096 -0.048084039 -0.002287285 0.998840630 282.362243652
0.999055207 -0.002378242 0.043393292 2.940732956 0.002255179 0.999993205 0.002884713 -4.391751289 -0.043399855 -0.002784127 0.999053895 283.185241699
0.999249816 -0.003219101 0.038593184 2.966999531 0.003110508 0.999991000 0.002873487 -4.403188229 -0.038602088 -0.002751287 0.999250829 283.985595703
0.999390244 -0.003446950 0.034745228 2.988697529 0.003354197 0.999990642 0.002727482 -4.418995380 -0.034754302 -0.002609276 0.999392450 284.774108887
0.999518514 -0.003053313 0.030876810 3.008497715 0.002976839 0.999992371 0.002522402 -4.434127808 -0.030884277 -0.002429271 0.999520004 285.544586182
0.999622881 -0.002547919 0.027344733 3.018833160 0.002483058 0.999994040 0.002405700 -4.445801258 -0.027350700 -0.002336893 0.999623120 286.287445068
