1.000000000 -0.000000000 -0.000000000 0.000000000 -0.000000000 1.000000000 0.000000000 0.000000000 -0.000000000 0.000000000 1.000000000 0.000000000
0.999978960 0.000397674 -0.006473246 -0.008150135 -0.000395097 0.999999821 0.000399346 -0.001965819 0.006473404 -0.000396780 0.999978960 0.091465227
0.999907255 0.000952321 -0.013583824 -0.016408361 -0.000950177 0.999999523 0.000164331 -0.001787994 0.013583975 -0.000151409 0.999907732 0.188516095
0.999772489 0.001388695 -0.021284670 -0.026108885 -0.001401049 0.999998868 -0.000565510 -0.002131301 0.021283859 0.000595202 0.999773324 0.285422862
0.999541700 0.001706949 -0.030224280 -0.042956740 -0.001767170 0.999996483 -0.001965864 -0.002048697 0.030220820 0.002018374 0.999541223 0.390605062
0.999126315 0.001942867 -0.041747570 -0.059128273 -0.002088321 0.999991894 -0.003440791 -0.004835438 0.041740544 0.003524967 0.999122262 0.500703096
0.998479545 0.001741512 -0.055096496 -0.084358096 -0.001967719 0.999989867 -0.004051651 -0.007822282 0.055088881 0.004153905 0.998472810 0.626038194
0.997427225 0.001823529 -0.071663089 -0.108543947 -0.002146611 0.999987900 -0.004431597 -0.004212617 0.071654141 0.004574029 0.997419059 0.761443555
0.995905280 0.000200151 -0.090402544 -0.134696856 -0.000580321 0.999991119 -0.004179033 -0.009248429 0.090400904 0.004214384 0.995896518 0.917163491
0.993913233 -0.000746089 -0.110163160 -0.176150322 0.000266276 0.999990404 -0.004370120 -0.012609184 0.110165365 0.004314187 0.993903935 1.075238228
0.991238236 -0.000826609 -0.132083282 -0.218717501 0.000197406 0.999988496 -0.004776706 -0.011870617 0.132085741 0.004708780 0.991227031 1.226118565
0.987731159 0.002772838 -0.156139329 -0.275223851 -0.003775037 0.999974132 -0.006122452 -0.016389916 0.156118318 0.006636767 0.987716079 1.395682454
0.983350039 0.007136784 -0.181581140 -0.341571301 -0.008634690 0.999934852 -0.007460046 -0.023465402 0.181516096 0.008903733 0.983347774 1.569836497
0.977953076 0.010012146 -0.208584294 -0.414354324 -0.012066950 0.999890387 -0.008580994 -0.026027674 0.208475500 0.010908784 0.977966785 1.751328111
0.971267104 0.010635943 -0.237754434 -0.491749108 -0.013153673 0.999872923 -0.009005668 -0.025299495 0.237628445 0.011874253 0.971283555 1.935299397
0.963226974 0.012531199 -0.268396705 -0.582662523 -0.015339687 0.999847233 -0.008369386 -0.031299587 0.268250853 0.012178740 0.963272095 2.131474972
0.953818738 0.014680901 -0.300023973 -0.678606272 -0.017667485 0.999817669 -0.007243930 -0.034777589 0.299862891 0.012210066 0.953904152 2.316063166
0.942560852 0.016481210 -0.333627880 -0.779700816 -0.019700278 0.999786317 -0.006267532 -0.033662356 0.333453238 0.012480093 0.942683995 2.505681992
0.930026352 0.018556999 -0.367024153 -0.881908655 -0.022133062 0.999739707 -0.005536852 -0.039199855 0.366825819 0.013272786 0.930194914 2.683513880
0.916142464 0.021392532 -0.400281519 -1.002109170 -0.025515243 0.999662101 -0.004972233 -0.038523935 0.400039881 0.014768556 0.916378677 2.865234852
0.900114417 0.022189565 -0.435088187 -1.119340897 -0.026695214 0.999634564 -0.004245775 -0.040906914 0.434835017 0.015436456 0.900377750 3.039523363
0.881665230 0.017832927 -0.471538365 -1.242640615 -0.022737950 0.999730349 -0.004706164 -0.043030620 0.471327305 0.014871076 0.881833017 3.218109131
0.860563576 0.013659723 -0.509159863 -1.374140024 -0.018737528 0.999812603 -0.004846551 -0.049087238 0.508998275 0.013711162 0.860658348 3.383550644
0.835510015 0.015231537 -0.549263954 -1.535123825 -0.019412816 0.999809921 -0.001804166 -0.051386725 0.549132049 0.012170159 0.835646987 3.563639641
0.806401014 0.020859336 -0.591001034 -1.712288499 -0.024077676 0.999707162 0.002431409 -0.058409646 0.590878785 0.012269242 0.806667149 3.726607561
0.773929536 0.024083607 -0.632813513 -1.915157795 -0.027487502 0.999612331 0.004426078 -0.061913051 0.632674873 0.013968989 0.774291515 3.899786234
0.738057137 0.022942927 -0.674348056 -2.126705408 -0.026490061 0.999636531 0.005017304 -0.062267084 0.674218059 0.014160466 0.738396585 4.068039894
0.698041320 0.018732898 -0.715812445 -2.344558954 -0.020529190 0.999770463 0.006144593 -0.061204668 0.715763330 0.010405871 0.698265612 4.236474991
0.655067444 0.014836496 -0.755424678 -2.582174540 -0.015119992 0.999864399 0.006525956 -0.058060199 0.755419195 0.007147077 0.655202925 4.400930882
0.611376464 0.014475640 -0.791207552 -2.842993498 -0.012193831 0.999886334 0.008871217 -0.062076177 0.791245937 0.004224199 0.611483455 4.531851768
0.563130617 0.015032615 -0.826231241 -3.120430708 -0.009750018 0.999885857 0.011546846 -0.058752999 0.826310396 0.001553389 0.563212872 4.670290947
0.511910975 0.015584914 -0.858897209 -3.417670727 -0.008003213 0.999878526 0.013373067 -0.053926975 0.859001160 0.000028117 0.511973560 4.798237324
0.459778398 0.016740017 -0.887875855 -3.721935511 -0.007485175 0.999859810 0.014975232 -0.044161007 0.888002098 -0.000239383 0.459839314 4.894143105
0.405090839 0.018917322 -0.914080679 -4.053367138 -0.006098558 0.999819577 0.017989045 -0.041430205 0.914256096 -0.001712623 0.405133069 4.990428925
0.349512994 0.020840377 -0.936699688 -4.407847881 -0.006100305 0.999782085 0.019967658 -0.033530995 0.936911643 -0.001264801 0.349563926 5.074975967
0.294157714 0.024048820 -0.955454230 -4.788925171 -0.003319929 0.999703109 0.024140449 -0.029495969 0.955751061 -0.003929059 0.294150174 5.152497768
0.240668476 0.025747444 -0.970265746 -5.132492542 0.001560319 0.999636650 0.026913861 -0.031844616 0.970606208 -0.007991243 0.240540788 5.207269192
0.189828992 0.026114708 -0.981469750 -5.517125607 0.003835056 0.999618888 0.027339360 -0.025847450 0.981809735 -0.008953796 0.189656481 5.240619183
0.142075732 0.027241638 -0.989480913 -5.935407639 0.001237861 0.999615550 0.027698398 -0.018373415 0.989854991 -0.005160110 0.141987413 5.263486862
0.099705473 0.027574111 -0.994634867 -6.359056473 -0.000784363 0.999617755 0.027633624 -0.008023679 0.995016634 -0.001975069 0.099689037 5.263852596
0.062025666 0.025899630 -0.997738481 -6.797086716 -0.000903218 0.999664247 0.025893476 -0.000969678 0.998074114 -0.000704885 0.062028233 5.259418011
0.027650300 0.023109643 -0.999350548 -7.258836746 -0.000416119 0.999732912 0.023106974 0.008669004 0.999617577 -0.000223066 0.027652524 5.244257450
-0.003524568 0.020479387 -0.999784052 -7.729913712 -0.000165135 0.999790192 0.020480096 0.013110653 0.999993742 0.000237283 -0.003520444 5.215239048
-0.030411661 0.018765705 -0.999361277 -8.215429306 -0.000131973 0.999823689 0.018778400 0.017156452 0.999537468 0.000702971 -0.030403826 5.184426308
-0.050973739 0.016260060 -0.998567581 -8.720260620 -0.000915426 0.999866307 0.016327934 0.028288767 0.998699605 0.001746411 -0.050952040 5.137996674
-0.067270927 0.015375447 -0.997616410 -9.241692543 -0.000880894 0.999879897 0.015469735 0.039260067 0.997734368 0.001919457 -0.067249306 5.087651730
-0.080436595 0.015654556 -0.996636748 -9.785848618 0.000320554 0.999877036 0.015679581 0.048188902 0.996759593 0.000941735 -0.080431715 5.034995556
-0.090051375 0.016881958 -0.995793998 -10.336481094 0.000416560 0.999856889 0.016913170 0.053736247 0.995937049 0.001108246 -0.090045504 4.975865364
-0.096890822 0.018341349 -0.995126069 -10.911139488 -0.002114249 0.999824166 0.018633801 0.050782397 0.995292723 0.003909389 -0.096835002 4.910429478
-0.101274818 0.019248581 -0.994672239 -11.499095917 -0.002188352 0.999806106 0.019570740 0.056938142 0.994856119 0.004158715 -0.101213068 4.846160412
-0.102675371 0.019784849 -0.994518101 -12.107125282 -0.000124967 0.999801993 0.019902861 0.070060432 0.994714975 0.002167816 -0.102652550 4.779562473
-0.101465225 0.022068996 -0.994594276 -12.721886635 0.001594912 0.999756277 0.022020828 0.075342149 0.994837940 0.000648058 -0.101475708 4.715044498
-0.100152925 0.024621913 -0.994667411 -13.362174988 0.001218327 0.999696076 0.024623722 0.080341056 0.994971335 0.001254307 -0.100152478 4.653453827
-0.098527327 0.024563694 -0.994831204 -14.017120361 -0.001266463 0.999691486 0.024809133 0.086459801 0.995133579 0.003704294 -0.098465800 4.583410740
-0.096777499 0.022122914 -0.995060265 -14.679277420 -0.002424131 0.999744713 0.022462836 0.097107857 0.995303094 0.004586053 -0.096699156 4.515937805
-0.095351413 0.021950113 -0.995201647 -15.359188080 -0.002976375 0.999746144 0.022335516 0.109210774 0.995439231 0.005091816 -0.095261849 4.442175865
-0.093754552 0.024634657 -0.995290577 -16.062341690 -0.003283153 0.999680758 0.025052587 0.119987220 0.995589972 0.005616486 -0.093643755 4.374275208
-0.091900930 0.028192945 -0.995369017 -16.781694412 -0.004242975 0.999578893 0.028703932 0.130726069 0.995759130 0.006861245 -0.091742620 4.304952621
-0.090254530 0.030163541 -0.995461881 -17.512514114 -0.004230553 0.999520659 0.030670092 0.142310798 0.995909750 0.006979468 -0.090083636 4.235285282
-0.088317417 0.029414613 -0.995658040 -18.254322052 -0.006142123 0.999528825 0.030073786 0.159245133 0.996073544 0.008771493 -0.088095136 4.156852722
-0.086634189 0.026579613 -0.995885611 -19.008913040 -0.008563814 0.999587357 0.027423389 0.167737097 0.996203423 0.010904383 -0.086370789 4.088559628
-0.085068882 0.026037080 -0.996034801 -19.783821106 -0.009408899 0.999593019 0.026933679 0.183861434 0.996330619 0.011662809 -0.084789276 4.014992714
-0.083472982 0.028155591 -0.996112227 -20.567440033 -0.007119571 0.999558508 0.028849613 0.200856358 0.996484637 0.009500057 -0.083235674 3.946610451
-0.082560383 0.030334286 -0.996124387 -21.364408493 -0.004867306 0.999512434 0.030840876 0.212223172 0.996574223 0.007394676 -0.082372487 3.884191751
-0.080960169 0.032155532 -0.996198475 -22.152576447 -0.004211824 0.999459565 0.032603081 0.225251675 0.996708453 0.006835366 -0.080780976 3.806610823
-0.080544233 0.027513074 -0.996371269 -22.940378189 -0.003967114 0.999602199 0.027922988 0.232563615 0.996743143 0.006201754 -0.080403045 3.752186298
-0.080067068 0.020733170 -0.996573806 -23.748321533 -0.002729223 0.999775410 0.021019047 0.240793914 0.996785700 0.004402807 -0.079992488 3.683099747
-0.080538191 0.016032755 -0.996622682 -24.571374893 0.000758469 0.999871433 0.016023725 0.253157377 0.996751249 0.000534615 -0.080539986 3.622547150
-0.080905981 0.016420469 -0.996586561 -25.405843735 0.001575914 0.999865174 0.016346551 0.265732586 0.996720493 -0.000248000 -0.080920957 3.549511909
-0.080737576 0.024140915 -0.996443033 -26.246641159 0.000770627 0.999707878 0.024157571 0.267124563 0.996735096 0.001182538 -0.080732599 3.474066496
-0.081408866 0.031437412 -0.996184886 -27.083183289 -0.000539386 0.999500930 0.031586133 0.275879204 0.996680677 0.003108720 -0.081351273 3.405346394
-0.082044475 0.036747724 -0.995950997 -27.928339005 -0.002429441 0.999309719 0.037071779 0.289033055 0.996625781 0.005461138 -0.081898555 3.332033634
-0.082165547 0.037151445 -0.995926023 -28.768348694 -0.004308351 0.999282479 0.037632100 0.298198223 0.996609390 0.007382860 -0.081946515 3.252007723
-0.082421638 0.033442948 -0.996036291 -29.603500366 -0.004133591 0.999416828 0.033898503 0.316017032 0.996589065 0.006911177 -0.082235314 3.177847385
-0.082521424 0.030181002 -0.996132195 -30.443750381 -0.004435200 0.999520302 0.030651078 0.337207317 0.996579409 0.006947416 -0.082347974 3.096650124
-0.082547016 0.031929038 -0.996075571 -31.280147552 -0.005622859 0.999455750 0.032503385 0.351329565 0.996571302 0.008283848 -0.082322568 3.017179251
-0.082635038 0.034276817 -0.995990276 -32.123374939 -0.006539409 0.999368072 0.034935635 0.361809552 0.996558428 0.009400094 -0.082358681 2.945454836
-0.082353964 0.032872289 -0.996060967 -32.952716827 -0.007922821 0.999402702 0.033637639 0.368410468 0.996571660 0.010661804 -0.082044341 2.870560169
-0.082318999 0.027634190 -0.996222854 -33.766880035 -0.008447388 0.999560356 0.028424785 0.380544603 0.996570349 0.010755382 -0.082049370 2.805225372
-0.081917010 0.023522794 -0.996361613 -34.595886230 -0.010258559 0.999648571 0.024443818 0.388942450 0.996586323 0.012223599 -0.081646934 2.727036238
-0.081328414 0.024457071 -0.996387243 -35.433246613 -0.010167707 0.999626517 0.025366504 0.394314826 0.996635497 0.012193994 -0.081049375 2.650201559
-0.080768414 0.027020250 -0.996366620 -36.263031006 -0.008695396 0.999575496 0.027812142 0.400127411 0.996694922 0.010910145 -0.080499165 2.578474998
-0.080380693 0.031724229 -0.996259391 -37.105075836 -0.007865626 0.999442160 0.032460202 0.417892814 0.996733248 0.010445376 -0.080086328 2.509650707
-0.079742230 0.037146453 -0.996123195 -37.940048218 -0.007972698 0.999249697 0.037901282 0.431440473 0.996783614 0.010964122 -0.079386234 2.440958977
-0.079855010 0.040662084 -0.995976806 -38.791481018 -0.008410843 0.999104679 0.041464143 0.442309141 0.996771038 0.011688125 -0.079441495 2.362303257
-0.079270765 0.040621582 -0.996025085 -39.584205627 -0.007552143 0.999116242 0.041348707 0.461653590 0.996824503 0.010799865 -0.078893930 2.297095776
-0.079403266 0.036315005 -0.996180892 -40.406097412 -0.007199268 0.999289215 0.037002154 0.481123328 0.996816516 0.010109864 -0.079085387 2.230845928
-0.079147771 0.031984538 -0.996349573 -41.223052979 -0.008215900 0.999430299 0.032736082 0.493340969 0.996829033 0.010776899 -0.078839891 2.161465168
-0.078841701 0.029221311 -0.996458828 -42.031162262 -0.012869593 0.999457061 0.030327506 0.502511263 0.996804059 0.015215090 -0.078422837 2.083742142
-0.079269432 0.027145676 -0.996483564 -42.869003296 -0.015949085 0.999466717 0.028495677 0.523151875 0.996725619 0.018151840 -0.078794204 2.005612850
-0.080014318 0.025246013 -0.996473968 -43.676342010 -0.013752959 0.999556065 0.026428428 0.530316234 0.996698856 0.015819116 -0.079631574 1.934688330
-0.080848165 0.021787187 -0.996488273 -44.497856140 -0.010065989 0.999692261 0.022673924 0.534042001 0.996675611 0.011863783 -0.080603987 1.868781090
-0.081443794 0.020318391 -0.996470749 -45.324256897 -0.005549138 0.999767542 0.020839151 0.543145657 0.996662498 0.007226774 -0.081312113 1.798283577
-0.083495080 0.023703368 -0.996226192 -46.144985199 -0.005655332 0.999689758 0.024259752 0.548916698 0.996492207 0.007659561 -0.083335109 1.727093458
-0.085002556 0.030238625 -0.995921791 -46.954280853 -0.003355654 0.999524951 0.030634437 0.549171567 0.996375084 0.005945974 -0.084860705 1.653595209
-0.087242387 0.034045264 -0.995605171 -47.771827698 -0.000672204 0.999413669 0.034234401 0.558797002 0.996186912 0.003655942 -0.087168336 1.582125664
-0.088352248 0.033256192 -0.995534003 -48.560089111 -0.001489222 0.999436915 0.033518743 0.564588189 0.996088207 0.004444027 -0.088252977 1.509101391
-0.089134648 0.029270934 -0.995589435 -49.359615326 -0.004869333 0.999543250 0.029823134 0.574041069 0.996007681 0.007506129 -0.088951401 1.423165798
-0.090612896 0.025806252 -0.995551825 -50.152427673 -0.009421604 0.999597251 0.026768656 0.580656469 0.995841622 0.011805279 -0.090333275 1.341062546
-0.091716573 0.024230333 -0.995490432 -50.938152313 -0.013570451 0.999580681 0.025580160 0.591147065 0.995692670 0.015855376 -0.091349311 1.252742767
-0.092820399 0.025357485 -0.995359898 -51.728775024 -0.015340582 0.999520600 0.026894039 0.596690834 0.995564699 0.017765721 -0.092386894 1.171555042
-0.093928158 0.026824970 -0.995217562 -52.515457153 -0.015311163 0.999479830 0.028384915 0.604710400 0.995461285 0.017904082 -0.093468569 1.094315529
-0.094841540 0.026299141 -0.995144963 -53.299148560 -0.017143872 0.999459565 0.028047049 0.611790836 0.995344698 0.019720662 -0.094339415 1.011099339
-0.095286243 0.026175659 -0.995105743 -54.076778412 -0.018019566 0.999445081 0.028015265 0.616294265 0.995286822 0.020600837 -0.094761699 0.928403854
-0.095928803 0.028113874 -0.994991124 -54.849754333 -0.016048416 0.999427438 0.029786481 0.624722481 0.995258808 0.018825414 -0.095422700 0.853190899
-0.096101984 0.031066852 -0.994886577 -55.629489899 -0.015656067 0.999342144 0.032718290 0.632116556 0.995248377 0.018720305 -0.095552355 0.773353577
-0.096201628 0.035268303 -0.994736910 -56.400356293 -0.015835455 0.999191403 0.036957700 0.644736648 0.995235980 0.019307500 -0.095565334 0.694052219
-0.096863277 0.037541341 -0.994589508 -57.163089752 -0.015738636 0.999105692 0.039244596 0.649574995 0.995173216 0.019454842 -0.096185789 0.615788937
-0.097546056 0.037364110 -0.994529486 -57.911640167 -0.015459593 0.999117613 0.039052799 0.663678885 0.995110929 0.019184466 -0.096882328 0.541558743
-0.097773604 0.035396848 -0.994579017 -58.662925720 -0.014600419 0.999208748 0.036996935 0.675292373 0.995101631 0.018138593 -0.097179428 0.461835861
-0.098094217 0.031980332 -0.994663119 -59.395866394 -0.014391180 0.999333501 0.033549760 0.683360100 0.995073140 0.017605415 -0.097568601 0.388752460
-0.097540110 0.028869120 -0.994812787 -60.118179321 -0.014858259 0.999425530 0.030459816 0.696454644 0.995120764 0.017752238 -0.097055130 0.307265282
-0.096372001 0.026572937 -0.994990706 -60.825046539 -0.015611857 0.999480367 0.028204961 0.704133511 0.995222986 0.018251820 -0.095907062 0.232939243
-0.094157033 0.026158966 -0.995213687 -61.517265320 -0.017701056 0.999452770 0.027945090 0.705469012 0.995399952 0.020247556 -0.093642466 0.168240070
-0.089673638 0.026950179 -0.995606601 -62.200572968 -0.018153584 0.999423623 0.028688589 0.711521506 0.995805800 0.020646438 -0.089132711 0.097020149
-0.084080711 0.028769320 -0.996043622 -62.870285034 -0.017330559 0.999389768 0.030328926 0.716359019 0.996308208 0.019812068 -0.083530813 0.042955399
-0.076942712 0.030076228 -0.996581852 -63.513614655 -0.016932977 0.999361396 0.031467453 0.721969366 0.996891797 0.019296285 -0.076384291 -0.002388000
-0.068138957 0.031517666 -0.997177899 -64.150085449 -0.017710194 0.999305189 0.032795075 0.727049232 0.997518659 0.019894835 -0.067533419 -0.048069000
-0.056095447 0.033200692 -0.997873187 -64.760337830 -0.020477680 0.999198437 0.034395937 0.733409286 0.998215318 0.022363586 -0.055370618 -0.087520599
-0.041238632 0.034593355 -0.998550236 -65.370643616 -0.023711605 0.999085128 0.035591129 0.741827250 0.998867810 0.025144963 -0.040380638 -0.111556530
-0.022652648 0.035734031 -0.999104559 -65.956619263 -0.025166318 0.999024034 0.036301736 0.752964377 0.999426603 0.025966113 -0.021731243 -0.125552773
-0.000553425 0.036939520 -0.999317408 -66.523147583 -0.026127694 0.998975813 0.036941364 0.755588174 0.999658525 0.026130300 0.000412293 -0.113734171
0.025119584 0.037483655 -0.998981416 -67.063407898 -0.025297675 0.999000609 0.036848258 0.758959651 0.999364316 0.024346296 0.026042730 -0.086971879
0.054329794 0.036546223 -0.997853994 -67.589347839 -0.023895506 0.999091387 0.035290506 0.771389246 0.998237073 0.021926899 0.055153713 -0.039929152
0.088519014 0.036787018 -0.995394945 -68.044555664 -0.022690536 0.999132931 0.034907330 0.772742033 0.995815992 0.019496083 0.089276992 0.020796299
0.126363978 0.037051838 -0.991291821 -68.521179199 -0.022139275 0.999158561 0.034523696 0.778423548 0.991736829 0.017583929 0.127077967 0.104211807
0.167567134 0.036904026 -0.985169768 -68.982490540 -0.021972405 0.999190688 0.033691976 0.782231808 0.985615790 0.016000880 0.168242395 0.201905251
0.212429196 0.037562288 -0.976454258 -69.419334412 -0.020936772 0.999206543 0.033882696 0.789470673 0.976952136 0.013246130 0.213047057 0.324160576
0.260563821 0.036469281 -0.964767575 -69.833465576 -0.017727934 0.999298513 0.032986645 0.786648512 0.965293825 0.008508209 0.261027575 0.470310211
0.310229778 0.031863317 -0.950127542 -70.220245361 -0.009812590 0.999492168 0.030314866 0.778910041 0.950610936 -0.000081364 0.310384929 0.645362854
0.361467749 0.026296433 -0.932013750 -70.609497070 -0.004633415 0.999640465 0.026407506 0.784225762 0.932373106 -0.005227058 0.361459672 0.838853836
0.413932532 0.021479622 -0.910054147 -70.995979309 0.000185435 0.999719501 0.023680305 0.791471541 0.910307527 -0.009970805 0.413812518 1.050655365
0.465382636 0.021336168 -0.884852409 -71.376342773 -0.000500858 0.999715567 0.023842407 0.798276484 0.885109544 -0.010652654 0.465260983 1.282499313
0.513964236 0.019815365 -0.857582748 -71.740470886 0.000868627 0.999720693 0.023620199 0.808299303 0.857811213 -0.012884855 0.513803363 1.533599854
0.558652639 0.014783775 -0.829270005 -72.088104248 0.009432316 0.999663234 0.024175704 0.818045318 0.829348087 -0.021327760 0.558325052 1.824806213
0.602644980 0.008820130 -0.797960877 -72.409568787 0.019366343 0.999482691 0.025673695 0.813698769 0.797774374 -0.030925699 0.602162480 2.128726959
0.644736171 0.003613958 -0.764396608 -72.725616455 0.021085382 0.999524236 0.022510234 0.815011203 0.764114320 -0.030630756 0.644353211 2.450733185
0.686530530 0.000199675 -0.727100968 -72.991638184 0.017273355 0.999713182 0.016584085 0.803954303 0.726895750 -0.023944953 0.686330259 2.727558136
0.727128148 -0.006714702 -0.686468959 -73.273132324 0.014152423 0.999886274 0.005210273 0.807823002 0.686355829 -0.013503738 0.727140546 3.068092346
0.766270936 -0.008955061 -0.642455220 -73.545768738 0.009118662 0.999953628 -0.003062131 0.810436487 0.642452896 -0.003511910 0.766317010 3.437156677
0.803200543 -0.010165865 -0.595622003 -73.799049377 0.007705672 0.999948084 -0.006675599 0.814035475 0.595658898 0.000772174 0.803237081 3.831809998
0.836746871 -0.010826921 -0.547482848 -74.054580688 0.007825254 0.999938726 -0.007814858 0.802349448 0.547533989 0.002254862 0.836780369 4.274166107
0.867585957 -0.009234376 -0.497201473 -74.282699585 0.004716177 0.999935389 -0.010342067 0.800496459 0.497264832 0.006627741 0.867573500 4.708318710
0.893378079 -0.007799402 -0.449237853 -74.490066528 0.004209742 0.999950707 -0.008988837 0.788434148 0.449285805 0.006139253 0.893366992 5.186286926
0.914282799 -0.001899185 -0.405071855 -74.679931641 -0.001498487 0.999966204 -0.008070580 0.778535247 0.405073464 0.007985787 0.914249301 5.681816101
0.931679845 0.002564831 -0.363271266 -74.866378784 -0.006504558 0.999932528 -0.009622307 0.770908892 0.363222033 0.011327827 0.931633711 6.197418213
0.944983840 0.007498210 -0.327031136 -75.037811279 -0.010878780 0.999904513 -0.008509217 0.764543891 0.326936066 0.011598770 0.944975257 6.736602783
0.954904735 0.008124879 -0.296801150 -75.197013855 -0.010562683 0.999922395 -0.006610854 0.750847280 0.296724379 0.009447752 0.954916418 7.275379181
0.962162614 0.007406591 -0.272375017 -75.346191406 -0.009173449 0.999944329 -0.005214032 0.740689516 0.272321254 0.007515365 0.962177038 7.858108521
0.967930377 0.007616124 -0.251103044 -75.491783142 -0.008638179 0.999958277 -0.002968310 0.730101824 0.251069993 0.005042190 0.967955828 8.457330704
0.972472370 0.010427024 -0.232784271 -75.636962891 -0.010811367 0.999941528 -0.000375223 0.722207785 0.232766718 0.002881611 0.972528338 9.077388763
0.976013780 0.015628850 -0.217146948 -75.786621094 -0.015801085 0.999874771 0.000943204 0.719375849 0.217134506 0.002510578 0.976138413 9.713713646
0.978710771 0.019175570 -0.204346001 -75.914939880 -0.019083451 0.999814868 0.002421577 0.707329988 0.204354644 0.001529603 0.978895724 10.358545303
0.981418729 0.017780336 -0.191052541 -76.052368164 -0.017685773 0.999841154 0.002200238 0.699965835 0.191061333 0.001219558 0.981577337 11.041535378
0.983961761 0.017686563 -0.177500486 -76.166488647 -0.017620325 0.999842763 0.001949624 0.692669928 0.177507073 0.001209261 0.984118700 11.721670151
0.986558914 0.017893642 -0.162423015 -76.282707214 -0.017755728 0.999839544 0.002300794 0.692094624 0.162438124 0.000614070 0.986718535 12.418936729
0.988729417 0.019174337 -0.148480311 -76.384651184 -0.018968806 0.999816120 0.002800344 0.687017560 0.148506671 0.000047712 0.988911390 13.126190186
0.990589023 0.019539198 -0.135468125 -76.495521545 -0.019678449 0.999806225 0.000311226 0.675412595 0.135447949 0.002357505 0.990781665 13.863821983
0.991963506 0.020217361 -0.124898314 -76.585670471 -0.021014754 0.999766469 -0.005070014 0.658801198 0.124766663 0.007653977 0.992156565 14.603118896
0.993197083 0.018458916 -0.114972934 -76.672874451 -0.019874969 0.999739945 -0.011182175 0.649363458 0.114736646 0.013391187 0.993305624 15.342325211
0.994108438 0.018228151 -0.106846079 -76.754600525 -0.019573234 0.999741673 -0.011553813 0.640671849 0.106607884 0.013577064 0.994208395 16.098976135
0.994781673 0.019895650 -0.100067131 -76.834808350 -0.020516424 0.999776125 -0.005178220 0.624938250 0.099941716 0.007204218 0.994967163 16.871011734
0.995169401 0.024910873 -0.094959505 -76.913116455 -0.024759235 0.999689579 0.002774921 0.606000364 0.094999179 -0.000410390 0.995477200 17.640106201
0.995535433 0.025866833 -0.090775535 -76.998199463 -0.025399398 0.999657512 0.006300968 0.596046686 0.090907440 -0.003967193 0.995851457 18.427221298
0.995871782 0.024920387 -0.087283567 -77.065330505 -0.024560370 0.999684930 0.005196336 0.585415781 0.087385535 -0.003031168 0.996169984 19.195972443
0.996131837 0.024885029 -0.084273584 -77.131614685 -0.024600685 0.999687612 0.004410962 0.573926806 0.084357023 -0.002320713 0.996432900 19.962757111
0.996430933 0.023752280 -0.081002213 -77.203102112 -0.023296118 0.999706924 0.006572037 0.567994952 0.081134565 -0.004661544 0.996692240 20.736801147
0.996685565 0.021563118 -0.078440748 -77.272399902 -0.020904196 0.999738932 0.009211885 0.555895925 0.078618899 -0.007541612 0.996876240 21.519622803
0.996933222 0.018979575 -0.075920470 -77.317298889 -0.018206568 0.999775290 0.010861086 0.549657464 0.076109558 -0.009445526 0.997054696 22.270904541
0.997162104 0.018399647 -0.073001251 -77.375442505 -0.017919542 0.999813378 0.007226302 0.539870024 0.073120579 -0.005897645 0.997305751 23.029169083
0.997205853 0.021317551 -0.071596473 -77.431190491 -0.021340640 0.999772131 0.000442537 0.524759114 0.071589582 0.001086615 0.997433543 23.778930664
0.997327864 0.022602990 -0.069470853 -77.495323181 -0.023160214 0.999705732 -0.007225838 0.510109961 0.069287084 0.008815486 0.997557759 24.529844284
0.997367144 0.023215165 -0.068701252 -77.546432495 -0.024056366 0.999645114 -0.011442277 0.496773094 0.068411231 0.013064856 0.997571647 25.283437729
0.997489095 0.024805589 -0.066333704 -77.604980469 -0.025520667 0.999624670 -0.009954304 0.478617668 0.066061877 0.011622190 0.997747898 26.042711258
0.997542024 0.028279003 -0.064111173 -77.666328430 -0.028697239 0.999572277 -0.005611871 0.454571426 0.063925050 0.007437889 0.997927010 26.814081192
0.997609138 0.031278841 -0.061624236 -77.721473694 -0.031378020 0.999507368 -0.000642129 0.439424574 0.061573807 0.002574241 0.998099208 27.560220718
0.997826278 0.029030567 -0.059160110 -77.768150330 -0.029016117 0.999578357 0.001103502 0.427221060 0.059167199 0.000615493 0.998247921 28.320137024
0.998006225 0.026310816 -0.057369586 -77.821487427 -0.026286455 0.999653816 0.001179335 0.411069125 0.057380751 0.000331059 0.998352230 29.083141327
0.998111248 0.024339750 -0.056406472 -77.861206055 -0.024296284 0.999703765 0.001456222 0.393987805 0.056425214 -0.000083004 0.998406768 29.832733154
0.998157144 0.023803758 -0.055818278 -77.903266907 -0.023879968 0.999714613 -0.000698542 0.382768244 0.055785727 0.002030193 0.998440683 30.584760666
0.998247206 0.021571917 -0.055109486 -77.944976807 -0.021723133 0.999761760 -0.002146230 0.373043656 0.055050056 0.003339618 0.998478055 31.342103958
0.998304069 0.020308999 -0.054557644 -77.987136841 -0.020447122 0.999789059 -0.001974605 0.360157907 0.054506034 0.003086803 0.998508692 32.101291656
0.998277962 0.024458373 -0.053319588 -78.045639038 -0.024546457 0.999698102 -0.000997573 0.347754180 0.053279106 0.002304662 0.998576939 32.882472992
0.998295009 0.023894312 -0.053255316 -78.091117859 -0.024022201 0.999709845 -0.001762400 0.335158467 0.053197764 0.003038705 0.998579383 33.657356262
0.998214841 0.023312215 -0.054987721 -78.134254456 -0.023444897 0.999723554 -0.001768903 0.321346283 0.054931287 0.003054926 0.998485506 34.432968140
0.998170853 0.021025112 -0.056681689 -78.186912537 -0.021133851 0.999775767 -0.001319552 0.309190482 0.056641236 0.002515041 0.998391449 35.220855713
0.997954547 0.022682631 -0.059768789 -78.246780396 -0.022819940 0.999738336 -0.001615683 0.299717128 0.059716500 0.002976299 0.998210967 36.025352478
0.997675359 0.026702730 -0.062695980 -78.299873352 -0.026833894 0.999639273 -0.001250859 0.275764704 0.062639967 0.002930329 0.998031914 36.809013367
0.997495890 0.027804732 -0.065029070 -78.367424011 -0.028304316 0.999576390 -0.006773700 0.275819987 0.064813159 0.008597341 0.997860372 37.615119934
0.997328162 0.028590959 -0.067224964 -78.434997559 -0.029356603 0.999514520 -0.010428930 0.265303493 0.066894159 0.012374563 0.997683287 38.421909332
0.997199297 0.028009273 -0.069346964 -78.494644165 -0.028910216 0.999509752 -0.012022245 0.248979330 0.068976223 0.013993409 0.997520208 39.232486725
0.997049391 0.028005455 -0.071472190 -78.561141968 -0.028820032 0.999530613 -0.010391260 0.227714479 0.071147636 0.012420429 0.997388422 40.066287994
0.996911883 0.026305679 -0.073991299 -78.625930786 -0.027085455 0.999587476 -0.009554971 0.208901376 0.073709413 0.011529553 0.997213125 40.887126923
0.996811509 0.025340829 -0.075661920 -78.692222595 -0.025997395 0.999632299 -0.007705165 0.192140669 0.075438857 0.009647610 0.997103751 41.699218750
0.996778190 0.024878103 -0.076250784 -78.766349792 -0.025249243 0.999673605 -0.003907074 0.176193878 0.076128684 0.005819762 0.997080982 42.535472870
0.996688426 0.024442799 -0.077554554 -78.829963684 -0.024429290 0.999700963 0.001123056 0.161418259 0.077558801 0.000775267 0.996987462 43.380264282
0.996789098 0.024889451 -0.076104857 -78.909133911 -0.024706766 0.999689162 0.003341097 0.145492777 0.076164357 -0.001450063 0.997094214 44.224456787
0.996796608 0.028180476 -0.074849598 -78.978576660 -0.028017674 0.999602258 0.003224452 0.138352305 0.074910700 -0.001117011 0.997189581 45.098522186
0.996962547 0.028119048 -0.072629750 -79.045928955 -0.028061355 0.999604642 0.001814817 0.130256429 0.072652049 0.000228784 0.997357309 45.958614349
0.997118831 0.025743149 -0.071352914 -79.108901978 -0.025855290 0.999665558 -0.000648317 0.121373579 0.071312353 0.002491299 0.997450948 46.823173523
0.997327566 0.022200167 -0.069605142 -79.172958374 -0.022399049 0.999746919 -0.002078027 0.101993762 0.069541387 0.003631563 0.997572482 47.687355042
0.997500539 0.020900348 -0.067497589 -79.236541748 -0.021126490 0.999773383 -0.002638248 0.094099462 0.067427151 0.004057641 0.997715950 48.562042236
0.997620523 0.018580941 -0.066392317 -79.297286987 -0.018600771 0.999826968 0.000319509 0.074516729 0.066386767 0.000916200 0.997793555 49.429649353
0.997695267 0.015910774 -0.065961957 -79.350997925 -0.015774207 0.999872267 0.002590772 0.061740860 0.065994762 -0.001544303 0.997818828 50.310596466
0.997774601 0.015812453 -0.064773895 -79.415039062 -0.015648518 0.999872923 0.003037453 0.048046291 0.064813696 -0.002017078 0.997895360 51.202819824
0.997831821 0.017252337 -0.063512363 -79.475898743 -0.017287435 0.999850512 -0.000003099 0.030885920 0.063502818 0.001101059 0.997981131 52.070915222
0.997849643 0.019902987 -0.062449336 -79.550849915 -0.020314023 0.999775827 -0.005953859 0.015508175 0.062316835 0.007209654 0.998030365 52.934101105
0.997849286 0.021551631 -0.061904598 -79.605087280 -0.022289779 0.999688208 -0.011258162 -0.007052302 0.061642662 0.012613791 0.998018563 53.816539764
0.997800708 0.026514480 -0.060750976 -79.673858643 -0.027573252 0.999481022 -0.016656443 -0.037945926 0.060277808 0.018294912 0.998013914 54.662796021
0.997859955 0.027234476 -0.059446748 -79.738471985 -0.028319111 0.999446034 -0.017479757 -0.066383839 0.058937781 0.019125829 0.998078346 55.516746521
0.997945249 0.023452027 -0.059625793 -79.783912659 -0.024177765 0.999641776 -0.011479203 -0.082418203 0.059335206 0.012897234 0.998154759 56.353599548
0.997933447 0.023257842 -0.059897590 -79.842910767 -0.023453658 0.999721646 -0.002568120 -0.104393557 0.059821188 0.003967633 0.998201191 57.210391998
0.997875750 0.021975780 -0.061327048 -79.895545959 -0.021703042 0.999751449 0.005109927 -0.123285979 0.061424084 -0.003768088 0.998104572 58.066410065
0.997791469 0.018887602 -0.063681692 -79.954261780 -0.018761594 0.999820709 0.002576254 -0.130866572 0.063718930 -0.001375794 0.997966826 58.893402100
0.997764647 0.014583547 -0.065214507 -80.017944336 -0.014662926 0.999892235 -0.000738688 -0.150023058 0.065196700 0.001693273 0.997870922 59.749809265
0.997586131 0.013144156 -0.068184070 -80.071113586 -0.013299858 0.999909878 -0.001830080 -0.173132688 0.068153881 0.002732501 0.997671068 60.565723419
0.997359216 0.015070966 -0.071045525 -80.135292053 -0.015411004 0.999872267 -0.004240476 -0.190221846 0.070972554 0.005324161 0.997464061 61.388610840
0.997126222 0.016695425 -0.073894881 -80.211502075 -0.017303254 0.999821365 -0.007593026 -0.211742997 0.073754922 0.008849829 0.997237086 62.201622009
0.996844769 0.017879361 -0.077336282 -80.291275024 -0.018757187 0.999767423 -0.010639220 -0.232518494 0.077128075 0.012056261 0.996948242 63.015419006
0.996530950 0.019647345 -0.080870360 -80.356521606 -0.020884834 0.999676943 -0.014484736 -0.258023202 0.080559649 0.016123451 0.996619344 63.818733215
0.996165156 0.024652407 -0.083949387 -80.448287964 -0.025991136 0.999551296 -0.014891268 -0.276802540 0.083544604 0.017016100 0.996358693 64.623893738
0.995766580 0.028197525 -0.087486573 -80.529922485 -0.029457377 0.999479592 -0.013142767 -0.297585189 0.087070458 0.015664252 0.996078908 65.427352905
0.995349646 0.031198874 -0.091135964 -80.617233276 -0.031973779 0.999463797 -0.007054810 -0.320742667 0.090866983 0.009935964 0.995813489 66.229972839
0.994947553 0.031741373 -0.095246464 -80.701889038 -0.032004703 0.999487042 -0.001237949 -0.341521561 0.095158294 0.004280031 0.995453000 67.045295715
0.994490504 0.030731553 -0.100220330 -80.783126831 -0.030647818 0.999527454 0.002375441 -0.357491225 0.100245953 0.000709180 0.994962394 67.839157104
0.993826687 0.030202445 -0.106753863 -80.873336792 -0.029985934 0.999543726 0.003633108 -0.370098978 0.106814876 -0.000409565 0.994278908 68.629241943
0.993304551 0.027674684 -0.112161271 -80.970451355 -0.027024392 0.999608040 0.007314304 -0.382023811 0.112319723 -0.004234243 0.993663192 69.408218384
0.992473066 0.029347379 -0.118894488 -81.062408447 -0.028760344 0.999564230 0.006650637 -0.387993634 0.119037837 -0.003181131 0.992884576 70.192306519
0.991610289 0.033979073 -0.124717772 -81.174163818 -0.033497486 0.999421179 0.005957034 -0.398626357 0.124848001 -0.001729325 0.992174327 70.963096619
0.990805328 0.036276184 -0.130340636 -81.292465210 -0.036281012 0.999338925 0.002338326 -0.408876240 0.130339310 0.002412064 0.991466463 71.724906921
0.989978313 0.034892090 -0.136840805 -81.399719238 -0.035301398 0.999376714 -0.000564827 -0.415434301 0.136735767 0.005389838 0.990592897 72.478233337
0.989177942 0.036183320 -0.142189890 -81.518142700 -0.036765914 0.999322951 -0.001471426 -0.430570185 0.142040327 0.006683244 0.989838243 73.243019104
0.988456786 0.038244948 -0.146596596 -81.642570496 -0.038150251 0.999266088 0.003458511 -0.437557727 0.146621272 0.002174109 0.989190280 74.011993408
0.987543344 0.038830876 -0.152481526 -81.770675659 -0.038095947 0.999244153 0.007739550 -0.448293507 0.152666837 -0.001834212 0.988276005 74.776687622
0.986570060 0.038466915 -0.158744186 -81.898162842 -0.037311349 0.999251068 0.010254525 -0.466209888 0.159019768 -0.004193845 0.987266421 75.535308838
0.985501766 0.036231540 -0.165751129 -82.032188416 -0.035644639 0.999343336 0.006515172 -0.472864091 0.165878326 -0.000512575 0.986146033 76.283241272
0.984097660 0.033706140 -0.174401164 -82.169815063 -0.034393117 0.999407947 -0.000917405 -0.475442380 0.174267009 0.006901014 0.984674275 77.023681641
0.982501805 0.031065784 -0.183643535 -82.314506531 -0.032098215 0.999481201 -0.002651250 -0.485154331 0.183465868 0.008499487 0.982989371 77.768394470
0.980422020 0.030774930 -0.194488257 -82.462348938 -0.031273667 0.999510825 0.000506328 -0.501400471 0.194408685 0.005585947 0.980904758 78.501602173
0.978146851 0.030749438 -0.205628738 -82.627548218 -0.030024515 0.999527097 0.006645501 -0.506853342 0.205735803 -0.000326372 0.978607476 79.240539551
0.975658178 0.031977180 -0.216953158 -82.798744202 -0.029522346 0.999458373 0.014547561 -0.516341925 0.217300802 -0.007788480 0.976073742 79.960502625
0.973072827 0.032611813 -0.228179425 -82.979743958 -0.029273178 0.999409318 0.018001722 -0.522555947 0.228631705 -0.010837449 0.973452568 80.686058044
0.970177293 0.035908192 -0.239722237 -83.172378540 -0.033508841 0.999339283 0.014078627 -0.533954978 0.240069404 -0.005625951 0.970739424 81.402572632
0.967169821 0.035619661 -0.251622409 -83.371017456 -0.035570897 0.999355853 0.004743703 -0.537727594 0.251629323 0.004362469 0.967813849 82.099426270
0.964035869 0.033276528 -0.263680726 -83.582344055 -0.034558401 0.999402642 -0.000223302 -0.536768973 0.263515741 0.009327654 0.964610040 82.811645508
0.960671246 0.031907469 -0.275849104 -83.787040710 -0.031751420 0.999483168 0.005032807 -0.541023850 0.275867045 0.003923729 0.961187780 83.534614563
0.957333326 0.033143338 -0.287079364 -84.013481140 -0.030865103 0.999445915 0.012459219 -0.547206759 0.287333220 -0.003066891 0.957825840 84.257652283
0.953745723 0.033033680 -0.298794061 -84.249931335 -0.029069448 0.999420702 0.017703436 -0.549040556 0.299205691 -0.008198798 0.954153419 84.968338013
0.949719131 0.030665899 -0.311597824 -84.491111755 -0.027082654 0.999507964 0.015821345 -0.550127745 0.311929733 -0.006586937 0.950082421 85.682060242
0.946000755 0.029193304 -0.322847307 -84.743850708 -0.026822444 0.999570727 0.011791091 -0.555898786 0.323052883 -0.002494826 0.946377575 86.378631592
0.942923367 0.024543660 -0.332104057 -84.991195679 -0.024254300 0.999693274 0.005017053 -0.563614488 0.332125306 0.003324255 0.943229377 87.070526123
0.940073848 0.020580983 -0.340349168 -85.245574951 -0.022193378 0.999753475 -0.000844748 -0.569059432 0.340247869 0.008347623 0.940298736 87.775711060
0.937575281 0.020088058 -0.347201824 -85.517555237 -0.022498868 0.999742687 -0.002913287 -0.575916111 0.347053945 0.010543074 0.937785923 88.477287292
0.934492290 0.025741544 -0.355051339 -85.804580688 -0.028475631 0.999591351 -0.002476352 -0.593001723 0.354842544 0.012424442 0.934843481 89.186721802
0.931519270 0.025618121 -0.362788469 -86.079948425 -0.027589256 0.999619305 -0.000252380 -0.605429411 0.362643868 0.010244162 0.931871474 89.880523682
0.928485096 0.025990937 -0.370459169 -86.367507935 -0.025458699 0.999655783 0.006327210 -0.607702971 0.370496184 0.003556688 0.928827226 90.586776733
0.925627470 0.027855320 -0.377409548 -86.654640198 -0.024056921 0.999601364 0.014775652 -0.614242077 0.377670705 -0.004597436 0.925928473 91.297676086
0.923110664 0.038136013 -0.382638752 -86.977523804 -0.032338336 0.999244153 0.021574723 -0.621539593 0.383172274 -0.007541955 0.923646033 91.998222351
0.920377731 0.044678267 -0.388469815 -87.288635254 -0.040712468 0.999000788 0.018438412 -0.617999315 0.388905287 -0.001154740 0.921276987 92.687576294
0.918094814 0.041288007 -0.394204676 -87.592895508 -0.040181328 0.999131083 0.011065004 -0.618181586 0.394318968 0.005680944 0.918956041 93.375740051
0.916208506 0.033605102 -0.399290353 -87.893692017 -0.035102632 0.999377370 0.003563439 -0.620270848 0.399161458 0.010751290 0.916817665 94.066467285
0.914278924 0.033910327 -0.403663427 -88.200233459 -0.035800852 0.999354899 0.002864955 -0.621724129 0.403500021 0.011832125 0.914903045 94.763900757
0.912340939 0.040777255 -0.407395810 -88.550323486 -0.040943965 0.999126911 0.008313294 -0.632396340 0.407379091 0.009095840 0.913213849 95.462829590
0.909929872 0.042986605 -0.412528783 -88.873458862 -0.041555513 0.999058723 0.012444076 -0.636521459 0.412675440 0.005819609 0.910859466 96.162887573
0.907734036 0.038956396 -0.417733699 -89.194595337 -0.038123030 0.999219537 0.010342515 -0.643441081 0.417810619 0.006537024 0.908510566 96.860603333
0.905490160 0.037650030 -0.422693700 -89.531112671 -0.039519049 0.999209464 0.004343925 -0.653754890 0.422522992 0.012771070 0.906262159 97.549568176
0.903416932 0.035062924 -0.427327037 -89.870574951 -0.039800368 0.999205410 -0.002155892 -0.658643782 0.426911891 0.018955443 0.904094458 98.243537903
