1.000000000 0.000000000 0.000000000 0.000000000 0.000000000 1.000000000 0.000000000 0.000000000 0.000000000 0.000000000 1.000000000 0.000000000
0.999995649 0.002936833 0.000152284 -0.005983619 -0.002937041 0.999994695 0.001387866 -0.012975788 -0.000148207 -0.001388307 0.999999046 0.772338212
0.999984503 0.005511519 0.000678391 -0.014289263 -0.005512829 0.999982893 0.001946947 -0.030199561 -0.000667649 -0.001950657 0.999997854 1.538635969
0.999976575 0.006741509 0.001175917 -0.021707501 -0.006743636 0.999975622 0.001814458 -0.048334111 -0.001163656 -0.001822345 0.999997675 2.275458574
0.999961913 0.008652074 0.001047492 -0.024948662 -0.008653620 0.999961495 0.001481417 -0.061640982 -0.001034634 -0.001490425 0.999998391 3.002553225
0.999957860 0.009006003 0.001784440 -0.035027184 -0.009008195 0.999958694 0.001223240 -0.074752055 -0.001773350 -0.001239263 0.999997675 3.717131853
0.999957740 0.008996434 0.001894312 -0.034185037 -0.009000468 0.999957204 0.002132158 -0.087624833 -0.001875049 -0.002149118 0.999995947 4.405240536
0.999946594 0.009929991 0.002874906 -0.046082508 -0.009944547 0.999937534 0.005093612 -0.103196770 -0.002824147 -0.005121929 0.999982893 5.085085392
0.999942422 0.009810773 0.004343423 -0.041183010 -0.009848990 0.999912322 0.008866777 -0.108319879 -0.004256051 -0.008909046 0.999951243 5.750421524
0.999943316 0.009087957 0.005542003 -0.038274173 -0.009156310 0.999880731 0.012435228 -0.119661689 -0.005428331 -0.012485268 0.999907315 6.378635406
0.999941170 0.008395947 0.006862817 -0.039523035 -0.008495367 0.999857545 0.014588626 -0.126248762 -0.006739354 -0.014646072 0.999870002 6.989213943
0.999929547 0.009078054 0.007664337 -0.025282223 -0.009188891 0.999851823 0.014552317 -0.137009218 -0.007531096 -0.014621715 0.999864757 7.571166992
0.999916434 0.009668053 0.008572758 -0.022687927 -0.009770971 0.999879718 0.012045711 -0.146964371 -0.008455267 -0.012128470 0.999890685 8.121170044
0.999909222 0.009563787 0.009485916 -0.021068774 -0.009649040 0.999913156 0.008982766 -0.149042577 -0.009399183 -0.009073483 0.999914706 8.655994415
0.999907196 0.008254346 0.010833326 -0.008116640 -0.008337215 0.999936163 0.007626751 -0.157264948 -0.010769680 -0.007716365 0.999912202 9.153656006
0.999906480 0.004073295 0.013053077 -0.007793576 -0.004141274 0.999978006 0.005185100 -0.160960391 -0.013031669 -0.005238673 0.999901354 9.615294456
0.999885142 0.002353489 0.014972606 0.005388781 -0.002415984 0.999988437 0.004157238 -0.167840019 -0.014962648 -0.004192934 0.999879241 10.058773041
0.999836147 0.006684524 0.016822087 0.011468947 -0.006720315 0.999975324 0.002072029 -0.177374721 -0.016807821 -0.002184740 0.999856353 10.473208427
0.999742925 0.011044176 0.019802250 0.013563961 -0.011075090 0.999937594 0.001452141 -0.186323911 -0.019784976 -0.001671079 0.999802828 10.860413551
0.999669790 0.011407752 0.023027834 0.021023974 -0.011470960 0.999930739 0.002614650 -0.196644768 -0.022996409 -0.002877939 0.999731421 11.205202103
0.999631226 0.007159281 0.026194580 0.034531623 -0.007242880 0.999969006 0.003098001 -0.201978847 -0.026171587 -0.003286583 0.999652028 11.525048256
0.999575675 0.002648148 0.029008854 0.049813151 -0.002726962 0.999992669 0.002677689 -0.204260051 -0.029001549 -0.002755659 0.999575496 11.803942680
0.999506474 -0.000693169 0.031407934 0.065304548 0.000564040 0.999991298 0.004120017 -0.210057765 -0.031410515 -0.004100268 0.999498129 12.060656548
0.999428570 -0.001120098 0.033782408 0.075942039 0.000944206 0.999985874 0.005222126 -0.216984659 -0.033787780 -0.005187244 0.999415576 12.293142319
0.999348819 -0.000457620 0.036079381 0.079967380 0.000310235 0.999991596 0.004090529 -0.219813302 -0.036080949 -0.004076672 0.999340594 12.496539116
0.999293566 0.000229301 0.037580196 0.101394981 -0.000341881 0.999995410 0.002989328 -0.229624406 -0.037579335 -0.003000065 0.999289095 12.693160057
0.999166548 0.002705514 0.040726930 0.097340614 -0.002793038 0.999993861 0.002092315 -0.233454093 -0.040721018 -0.002204323 0.999168158 12.852298737
0.999086916 0.005552992 0.042362012 0.100402117 -0.005617521 0.999983191 0.001404401 -0.239112273 -0.042353503 -0.001641088 0.999101400 13.023384094
0.999018669 0.007014446 0.043731131 0.106302589 -0.007019472 0.999975324 -0.000038612 -0.246054873 -0.043730322 -0.000268395 0.999043286 13.178623199
0.998934269 0.005841174 0.045785561 0.114794105 -0.005777384 0.999982059 -0.001525443 -0.254923433 -0.045793653 0.001259297 0.998950124 13.326343536
0.998863697 0.005116355 0.047382411 0.118438005 -0.004974876 0.999982774 -0.003103349 -0.257922679 -0.047397479 0.002864102 0.998871982 13.464986801
0.998804569 0.004051629 0.048713278 0.128973424 -0.003862769 0.999984682 -0.003970494 -0.260183275 -0.048728630 0.003777579 0.998804867 13.603140831
0.998746932 0.004591151 0.049835693 0.140599906 -0.004333509 0.999976695 -0.005276630 -0.263970941 -0.049858768 0.005054053 0.998743474 13.740717888
0.998661220 0.005409744 0.051444046 0.142044425 -0.005049969 0.999961853 -0.007120941 -0.271753579 -0.051480621 0.006851616 0.998650491 13.854795456
0.998602688 0.005810192 0.052525282 0.146701574 -0.005295489 0.999936700 -0.009933023 -0.267090082 -0.052579671 0.009640996 0.998570263 13.983988762
0.998588622 0.004755441 0.052897565 0.158251822 -0.004135753 0.999921620 -0.011818144 -0.274567366 -0.052949622 0.011582693 0.998530030 14.107531548
0.998609126 0.004206805 0.052554920 0.164118588 -0.003490846 0.999899983 -0.013707452 -0.277152032 -0.052607331 0.013504925 0.998524010 14.230614662
0.998722911 0.003665427 0.050388932 0.170723915 -0.002915190 0.999884009 -0.014954366 -0.281213284 -0.050437901 0.014788374 0.998617709 14.357509613
0.998859048 0.003526787 0.047623519 0.171128631 -0.002785913 0.999874234 -0.015614311 -0.286839098 -0.047672596 0.015463822 0.998743355 14.481520653
0.999046147 0.004163647 0.043465219 0.175575197 -0.003421723 0.999847353 -0.017129825 -0.284437060 -0.043529913 0.016964762 0.998908162 14.608374596
0.999284923 0.004012811 0.037596155 0.176155299 -0.003325981 0.999826789 -0.018313382 -0.287809193 -0.037663139 0.018175241 0.999125183 14.743949890
0.999514937 0.003990662 0.030884765 0.172419995 -0.003411334 0.999817669 -0.018787734 -0.294766814 -0.030954111 0.018673267 0.999346375 14.853223801
0.999706089 0.004223375 0.023871314 0.165126160 -0.003757912 0.999802589 -0.019510163 -0.297208786 -0.023948999 0.019414723 0.999524593 14.975795746
0.999872327 0.003502356 0.015591608 0.160496965 -0.003182071 0.999784350 -0.020519782 -0.299836040 -0.015660115 0.020467544 0.999667883 15.107375145
0.999979973 0.002916313 0.005626094 0.151018173 -0.002792990 0.999758363 -0.021804465 -0.301254034 -0.005688325 0.021788316 0.999746442 15.238510132
0.999970198 0.001375120 -0.007602718 0.145394117 -0.001552097 0.999726772 -0.023321437 -0.305816919 0.007568572 0.023332540 0.999699056 15.391491890
0.999722421 0.000372009 -0.023556588 0.122774005 -0.000967981 0.999679565 -0.025293216 -0.308441430 0.023539636 0.025308995 0.999402523 15.546861649
0.999084353 0.000814648 -0.042776175 0.095494151 -0.001951595 0.999645710 -0.026543939 -0.308500290 0.042739399 0.026603114 0.998732030 15.728198051
0.997919381 0.001669574 -0.064452402 0.059676528 -0.003357165 0.999654055 -0.026084099 -0.316739559 0.064386554 0.026246205 0.997579813 15.898821831
0.996101797 0.002340838 -0.088180251 0.026296258 -0.004513120 0.999691010 -0.024443254 -0.325707942 0.088095792 0.024745939 0.995804608 16.094778061
0.993379354 0.003489919 -0.114827350 -0.026732445 -0.006149179 0.999720871 -0.022812717 -0.332582831 0.114715680 0.023367776 0.993123472 16.319316864
0.989428520 0.004389138 -0.144955263 -0.095491886 -0.007459018 0.999759018 -0.020641437 -0.341021597 0.144829750 0.021504447 0.989222884 16.547307968
0.983983517 0.004686241 -0.178197920 -0.160610676 -0.007872744 0.999821484 -0.017178902 -0.347466409 0.178085610 0.018306661 0.983844697 16.785840988
0.976689160 0.005463365 -0.214589044 -0.253920078 -0.008498779 0.999876380 -0.013225168 -0.353299916 0.214490294 0.014740622 0.976614892 17.036577225
0.967068374 0.007092148 -0.254417688 -0.359511375 -0.009487681 0.999921501 -0.008189870 -0.352824271 0.254339606 0.010333995 0.967059791 17.302471161
0.955186188 0.010819158 -0.295807928 -0.483866215 -0.012283425 0.999919772 -0.003092104 -0.361756623 0.295750737 0.006587067 0.955242455 17.564472198
0.941164017 0.014160723 -0.337653369 -0.628914833 -0.014610416 0.999892592 0.001209537 -0.361055195 0.337634206 0.003794882 0.941269755 17.846359253
0.924348414 0.017061833 -0.381167859 -0.770560741 -0.015422831 0.999854028 0.007354419 -0.368643820 0.381237626 -0.000919358 0.924476624 18.118703842
0.905166805 0.020593464 -0.424557477 -0.944879532 -0.015762808 0.999764919 0.014887622 -0.371948779 0.424764276 -0.006783560 0.905278563 18.402692795
0.883342683 0.024818849 -0.468070060 -1.138860703 -0.016772619 0.999631405 0.021350916 -0.370484948 0.468427390 -0.011009417 0.883433521 18.687068939
0.858582139 0.029747020 -0.511812329 -1.340619564 -0.019214023 0.999480963 0.025858628 -0.370119542 0.512315810 -0.012367785 0.858708084 18.951728821
0.830545247 0.033544660 -0.555940032 -1.561579704 -0.020626551 0.999352336 0.029484579 -0.369726866 0.556569099 -0.013021154 0.830699265 19.225498199
0.799828112 0.036897402 -0.599093854 -1.820746422 -0.022899413 0.999257922 0.030970816 -0.361157537 0.599792123 -0.011052430 0.800079525 19.494941711
0.765831947 0.039678756 -0.641815305 -2.097640038 -0.023320179 0.999151647 0.033943962 -0.352388382 0.642617762 -0.011028120 0.766107678 19.772647858
0.728782117 0.043966480 -0.683332682 -2.398035049 -0.024738319 0.998975575 0.037891641 -0.341076732 0.684298754 -0.010710246 0.729123175 20.043857574
0.690040350 0.043954358 -0.722434998 -2.733960152 -0.021744577 0.998962700 0.040009316 -0.316088855 0.723444104 -0.011898995 0.690280378 20.310249329
0.648782432 0.043627385 -0.759722292 -3.083892822 -0.019241063 0.998976529 0.040935300 -0.299608290 0.760730565 -0.011940245 0.648957789 20.573547363
0.607002139 0.042677902 -0.793553352 -3.467116356 -0.013639407 0.998969376 0.043292310 -0.291385531 0.794583201 -0.015454927 0.606958628 20.812461853
0.562131107 0.043156054 -0.825921357 -3.864884377 -0.009097232 0.998899877 0.046002839 -0.280223370 0.826998115 -0.018346034 0.561905205 21.054824829
0.515046537 0.044498239 -0.856006384 -4.299602509 -0.007034218 0.998837352 0.047690708 -0.258745253 0.857133269 -0.018541597 0.514760673 21.281465530
0.465626478 0.043881785 -0.883892715 -4.763399124 -0.005999113 0.998903453 0.046431344 -0.232661963 0.884961009 -0.016317092 0.465379179 21.478168488
0.413115084 0.043001283 -0.909663022 -5.234584808 -0.000381304 0.998892605 0.047046147 -0.217538178 0.910678744 -0.019088615 0.412673950 21.661668777
0.359070599 0.042131443 -0.932358980 -5.734977245 0.005147789 0.998875976 0.047119729 -0.198481977 0.933296323 -0.021718893 0.358450055 21.827789307
0.305460632 0.040975727 -0.951322675 -6.270065308 0.007818851 0.998932123 0.045536943 -0.172338545 0.952172637 -0.021347990 0.304814041 21.962705612
0.252579689 0.046787094 -0.966444373 -6.836812496 0.008158525 0.998691678 0.050480485 -0.138470173 0.967541695 -0.020635100 0.251867563 22.073951721
0.201193184 0.051727805 -0.978184879 -7.416384220 0.010772650 0.998427510 0.055013984 -0.110586405 0.979492366 -0.021606082 0.200319529 22.155876160
0.152866781 0.052882746 -0.986830890 -8.025138855 0.015815370 0.998308420 0.055947728 -0.081232190 0.988120258 -0.024159640 0.151771814 22.227800369
0.108133957 0.054697920 -0.992630422 -8.610450745 0.020067496 0.998161674 0.057188801 -0.072457850 0.993933797 -0.026103662 0.106837519 22.278573990
0.067880772 0.052924536 -0.996288657 -9.244900703 0.019900125 0.998321593 0.054388389 -0.041704655 0.997494996 -0.023518197 0.066713609 22.290843964
0.032138921 0.048569873 -0.998302579 -9.885520935 0.017182991 0.998644114 0.049139671 -0.005836785 0.999335706 -0.018733116 0.031260770 22.286600113
0.003831100 0.048581738 -0.998811841 -10.560278893 0.014720232 0.998708189 0.048633154 0.028772444 0.999884307 -0.014889061 0.003111020 22.260988235
-0.017030109 0.052597042 -0.998470604 -11.261284828 0.013122159 0.998541176 0.052376948 0.059934378 0.999768853 -0.012210105 -0.017695449 22.228155136
-0.030223852 0.058576394 -0.997825325 -11.978596687 0.015167565 0.998193264 0.058138568 0.093028069 0.999428093 -0.013377408 -0.031057706 22.207300186
-0.038136020 0.061118465 -0.997401655 -12.722653389 0.014896024 0.998051643 0.060588736 0.127736747 0.999161541 -0.012546707 -0.038972139 22.170024872
-0.041816149 0.058306247 -0.997422516 -13.485553741 0.015782101 0.998209774 0.057690613 0.163594782 0.999000609 -0.013329026 -0.042661488 22.129487991
-0.040878318 0.054424021 -0.997680783 -14.265354156 0.023150284 0.998299003 0.053509194 0.200904250 0.998895884 -0.020909226 -0.042068712 22.103420258
-0.036791567 0.052856933 -0.997924089 -15.072078705 0.035237662 0.998047829 0.051564340 0.245621741 0.998701453 -0.033267383 -0.038582299 22.089916229
-0.031001367 0.053079855 -0.998108923 -15.895008087 0.035556629 0.998015404 0.051970486 0.282811105 0.998886645 -0.033878230 -0.032827180 22.063941956
-0.025983959 0.051862843 -0.998316109 -16.749107361 0.033709846 0.998130739 0.050975826 0.311470270 0.999093831 -0.032328527 -0.027683683 22.036584854
-0.023175407 0.045167688 -0.998710513 -17.614042282 0.037315875 0.998321772 0.044284176 0.352548361 0.999034762 -0.036241457 -0.024821989 22.030010223
-0.020833747 0.034340568 -0.999193013 -18.512239456 0.035024267 0.998821557 0.033597525 0.389473438 0.999169290 -0.034296032 -0.022011949 22.007434845
-0.020155147 0.026152348 -0.999454796 -19.409282684 0.027336070 0.999298453 0.025596995 0.412985623 0.999423087 -0.026805252 -0.020855909 21.969636917
-0.021319922 0.023074545 -0.999506474 -20.324575424 0.021772530 0.999507248 0.022610143 0.438953340 0.999535620 -0.021279734 -0.021811806 21.936042786
-0.025036927 0.029561847 -0.999249339 -21.276811600 0.012562668 0.999493062 0.029254287 0.454321682 0.999607503 -0.011820803 -0.025395611 21.898445129
-0.030022042 0.037889410 -0.998830855 -22.242269516 0.008040866 0.999258101 0.037663929 0.477541268 0.999516845 -0.006900718 -0.030304428 21.851661682
-0.034464333 0.047350127 -0.998283625 -23.218084335 0.006445632 0.998866856 0.047155261 0.511971474 0.999385059 -0.004809395 -0.034730483 21.801406860
-0.036381867 0.057069018 -0.997707069 -24.268610001 0.004942850 0.998366117 0.056926474 0.558162212 0.999325693 -0.002860426 -0.036604501 21.773256302
-0.037323404 0.064940087 -0.997190952 -25.287267685 0.006968434 0.997878850 0.064724088 0.603530586 0.999278903 -0.004533136 -0.037696768 21.733179092
-0.038954008 0.065615125 -0.997084439 -26.312484741 0.007894908 0.997830749 0.065355815 0.658853173 0.999209821 -0.005326018 -0.039387543 21.692449570
-0.040503051 0.062690079 -0.997210801 -27.313768387 0.006370889 0.998025715 0.062482543 0.710795403 0.999159098 -0.003822385 -0.040822476 21.642377853
-0.043174423 0.057976328 -0.997383952 -28.334133148 0.006017277 0.998311758 0.057769787 0.756834328 0.999049366 -0.003507358 -0.043450393 21.590497971
-0.047625519 0.052571382 -0.997480929 -29.365774155 0.005961396 0.998611271 0.052346312 0.803664327 0.998847485 -0.003453357 -0.047872782 21.532361984
-0.053375602 0.048255309 -0.997407854 -30.395042419 0.006588238 0.998826981 0.047971394 0.841523111 0.998552799 -0.004010659 -0.053630900 21.477203369
-0.060078032 0.046401881 -0.997114599 -31.417505264 0.005825877 0.998918235 0.046134796 0.881367862 0.998176754 -0.003037380 -0.060283367 21.399971008
-0.066700965 0.048846584 -0.996576607 -32.441177368 0.006218357 0.998801947 0.048539460 0.920889199 0.997753620 -0.002959441 -0.066924796 21.324064255
-0.073026977 0.053585764 -0.995889366 -33.536117554 0.004420899 0.998563230 0.053405441 0.960982382 0.997320175 -0.000502688 -0.073158927 21.234140396
-0.079220608 0.056377273 -0.995261729 -34.596126556 0.001259555 0.998404324 0.056455042 1.005835295 0.996856332 0.003218816 -0.079165205 21.139657974
-0.083866701 0.058288280 -0.994770765 -35.656494141 -0.002197138 0.998274386 0.058678817 1.061120272 0.996474624 0.007106847 -0.083593920 21.034229279
-0.086674429 0.059978150 -0.994429588 -36.744392395 -0.005865459 0.998138011 0.060713049 1.102423668 0.996219397 0.011095055 -0.086161241 20.940258026
-0.088327520 0.060967688 -0.994223893 -37.819015503 -0.010009276 0.998020351 0.062089726 1.157500505 0.996041179 0.015435692 -0.087542415 20.832521439
-0.089670248 0.061017819 -0.994100571 -38.891052246 -0.011254262 0.997995615 0.062272064 1.197420120 0.995907903 0.016771816 -0.088803828 20.723848343
-0.091121748 0.060262877 -0.994014621 -39.969291687 -0.011862111 0.998030782 0.061593760 1.247539043 0.995769024 0.017403644 -0.090227470 20.617286682
-0.092214040 0.059332792 -0.993969917 -41.062137604 -0.012551128 0.998074710 0.060742222 1.304532886 0.995660245 0.018076733 -0.091291800 20.514244080
-0.092922360 0.058264777 -0.993967175 -42.147918701 -0.014971458 0.998091757 0.059906181 1.358630657 0.995560825 0.020447765 -0.091872722 20.397159576
-0.093683876 0.055862032 -0.994033575 -43.220729828 -0.019675162 0.998125851 0.057946313 1.403445721 0.995407581 0.024986411 -0.092409201 20.287796021
-0.094112486 0.051146287 -0.994246900 -44.327209473 -0.024664445 0.998253107 0.053687043 1.445076108 0.995255947 0.029575165 -0.092686601 20.176269531
-0.093266018 0.050268658 -0.994371474 -45.431224823 -0.026561789 0.998243451 0.052955739 1.499056578 0.995286882 0.031351246 -0.091766968 20.061986923
-0.091486275 0.054717343 -0.994301915 -46.541027069 -0.027473135 0.997970462 0.057447053 1.539741993 0.995427251 0.032572210 -0.089797355 19.952095032
-0.089695781 0.057863716 -0.994286895 -47.662487030 -0.027293243 0.997793198 0.060529921 1.586193562 0.995595157 0.032566592 -0.087918535 19.851963043
-0.088134624 0.057553589 -0.994444489 -48.770957947 -0.025226036 0.997880280 0.059988149 1.640056849 0.995789111 0.030372929 -0.086495951 19.749813080
-0.085697897 0.056438472 -0.994721353 -49.880393982 -0.025103737 0.997954965 0.058784697 1.695067763 0.996004820 0.030008944 -0.084105812 19.649383545
-0.081613407 0.056826554 -0.995042682 -51.037761688 -0.029638046 0.997793317 0.059414551 1.751030445 0.996223271 0.034340143 -0.079749070 19.545742035
-0.075453684 0.057616618 -0.995483339 -52.164413452 -0.034842283 0.997567177 0.060378138 1.806892157 0.996540368 0.039240666 -0.073262624 19.440851212
-0.069482431 0.056998089 -0.995953560 -53.289634705 -0.038589247 0.997465611 0.059776790 1.859836578 0.996836483 0.042586535 -0.067106813 19.347190857
-0.064102232 0.056155194 -0.996362150 -54.431865692 -0.040191501 0.997460127 0.058802854 1.918016195 0.997133672 0.043814678 -0.061682470 19.270751953
-0.058633454 0.055019613 -0.996762276 -55.566986084 -0.039826855 0.997556090 0.057406206 1.975492716 0.997484803 0.043063827 -0.056298908 19.205205917
-0.052854456 0.054815643 -0.997096598 -56.715106964 -0.038585022 0.997634530 0.056890544 2.026395321 0.997856498 0.041479923 -0.050614364 19.132408142
-0.047410168 0.055587605 -0.997327566 -57.852996826 -0.037509728 0.997646987 0.057388518 2.074728251 0.998170972 0.040130287 -0.045213535 19.075103760
-0.041600946 0.057183847 -0.997496545 -59.020389557 -0.036575757 0.997604489 0.058715437 2.124856472 0.998464704 0.038926803 -0.039409738 19.024564743
-0.036068875 0.058348268 -0.997644484 -60.175849915 -0.037084196 0.997528315 0.059682220 2.178693056 0.998660922 0.039149515 -0.033815920 18.981224060
-0.030813225 0.057500817 -0.997869849 -61.336444855 -0.037002400 0.997593880 0.058627523 2.229400158 0.998839974 0.038730070 -0.028611422 18.942596436
-0.026591616 0.053200152 -0.998229742 -62.494323730 -0.036720019 0.997856915 0.054158464 2.273036480 0.998971701 0.038095176 -0.024581116 18.916366577
-0.022449447 0.047766048 -0.998606265 -63.647476196 -0.036454998 0.998154700 0.048563980 2.318442583 0.999083161 0.037494428 -0.020666707 18.892726898
-0.018140741 0.047483850 -0.998707294 -64.827445984 -0.036307849 0.998181581 0.048118353 2.357854843 0.999176085 0.037133817 -0.016383717 18.854076385
-0.015810110 0.050608721 -0.998593509 -66.002403259 -0.035534695 0.998058915 0.051144239 2.383351326 0.999243379 0.036293302 -0.013981055 18.853111267
-0.013311229 0.050168380 -0.998652041 -67.170387268 -0.036129892 0.998064280 0.050620433 2.429639816 0.999258518 0.036755003 -0.011472883 18.826585770
-0.012272935 0.049946725 -0.998676479 -68.337463379 -0.038117502 0.998002350 0.050381452 2.476619244 0.999197841 0.038685385 -0.010344574 18.803415298
-0.011874083 0.051145524 -0.998620629 -69.520904541 -0.038286176 0.997935355 0.051565669 2.509798050 0.999196291 0.038845655 -0.009891402 18.787843704
-0.010465755 0.050718646 -0.998658180 -70.699501038 -0.038974836 0.997933149 0.051090278 2.552331924 0.999185503 0.039457232 -0.008467373 18.766828537
-0.009432783 0.048794340 -0.998764336 -71.864707947 -0.039353024 0.998016775 0.049129490 2.590672970 0.999180913 0.039767820 -0.007493871 18.748306274
-0.009125552 0.047621503 -0.998823762 -73.070434570 -0.037527401 0.998145282 0.047932029 2.632013321 0.999254048 0.037920665 -0.007321517 18.739919662
-0.008172492 0.047146346 -0.998854518 -74.258934021 -0.034641918 0.998274922 0.047402427 2.676128626 0.999366403 0.034989633 -0.006525155 18.722930908
-0.008392819 0.048251070 -0.998799980 -75.442443848 -0.032131188 0.998306334 0.048497222 2.711509228 0.999448359 0.032499652 -0.006828242 18.715480804
-0.008268538 0.051057331 -0.998661518 -76.628547668 -0.031822685 0.998176396 0.051296014 2.751639605 0.999459326 0.032204237 -0.006628677 18.700719833
-0.007989432 0.054489423 -0.998482406 -77.813339233 -0.033837240 0.997927666 0.054729901 2.795554161 0.999395370 0.034223154 -0.006129104 18.686878204
-0.007244315 0.054627467 -0.998480618 -78.991523743 -0.036005560 0.997844994 0.054853931 2.840446949 0.999325395 0.036348239 -0.005261810 18.669744492
-0.007175304 0.052355994 -0.998602748 -80.170989990 -0.037185349 0.997923732 0.052587587 2.884773016 0.999282598 0.037510727 -0.005213531 18.661861420
-0.007603283 0.050004780 -0.998720169 -81.369110107 -0.036467396 0.998070657 0.050249901 2.930501699 0.999305904 0.036802784 -0.005765070 18.654666901
-0.007435602 0.049621813 -0.998740435 -82.551170349 -0.034149326 0.998172760 0.049847849 2.969792843 0.999389052 0.034476958 -0.005727465 18.641656876
-0.007674383 0.051044088 -0.998666942 -83.741531372 -0.033033680 0.998138309 0.051270913 3.006478310 0.999424756 0.033383124 -0.005973921 18.634092331
-0.007273453 0.053840697 -0.998523116 -84.915405273 -0.032342304 0.998014390 0.054048859 3.046529293 0.999450386 0.032687653 -0.005517679 18.619817734
-0.007127455 0.056080595 -0.998400867 -86.088188171 -0.032833725 0.997874677 0.056285448 3.090617657 0.999435425 0.033182397 -0.005270971 18.613876343
-0.006537360 0.056400858 -0.998386800 -87.279479980 -0.035410080 0.997768879 0.056597821 3.132429361 0.999351501 0.035722956 -0.004525615 18.586915970
-0.006431998 0.054316241 -0.998503029 -88.451148987 -0.034748480 0.997908533 0.054507744 3.177822590 0.999375463 0.035047062 -0.004531138 18.579696655
-0.006280201 0.052985709 -0.998575509 -89.625228882 -0.033307653 0.998030126 0.053166248 3.220162630 0.999425411 0.033594109 -0.004503000 18.568485260
-0.005803904 0.054065034 -0.998520494 -90.771446228 -0.031442292 0.998033762 0.054221440 3.261312962 0.999488711 0.031710472 -0.004092563 18.559228897
-0.005764868 0.056471962 -0.998387516 -91.948997498 -0.029049758 0.997973263 0.056616269 3.313815832 0.999561429 0.029329302 -0.004112686 18.554002762
-0.005838289 0.059280250 -0.998224318 -93.115257263 -0.027586453 0.997851849 0.059419475 3.354628325 0.999602377 0.027884375 -0.004190416 18.551757812
-0.005402442 0.060927119 -0.998127639 -94.283737183 -0.028318746 0.997732520 0.061056282 3.407013416 0.999584377 0.028595572 -0.003664812 18.539287567
-0.004567668 0.063047558 -0.998000145 -95.449455261 -0.031085426 0.997519195 0.063159458 3.457049608 0.999506354 0.031311747 -0.002596478 18.518405914
-0.004534997 0.062580749 -0.998029590 -96.607307434 -0.033168241 0.997481227 0.062697090 3.501711369 0.999439418 0.033387218 -0.002447881 18.511768341
-0.004466265 0.058078799 -0.998301983 -97.760147095 -0.035510696 0.997673094 0.058201097 3.558568239 0.999359369 0.035710342 -0.002393453 18.494079590
-0.004130022 0.056125976 -0.998415112 -98.920425415 -0.037066210 0.997729003 0.056240737 3.611069202 0.999304295 0.037239749 -0.002040265 18.479728699
-0.003698106 0.054748122 -0.998493314 -100.090080261 -0.036798384 0.997816443 0.054847293 3.650345564 0.999315798 0.036945775 -0.001675389 18.472017288
-0.003764892 0.055150330 -0.998470962 -101.255371094 -0.035313919 0.997847915 0.055249073 3.696950912 0.999369204 0.035467930 -0.001809215 18.473619461
-0.003611907 0.057344496 -0.998347938 -102.406631470 -0.035498817 0.997717798 0.057436734 3.742334366 0.999363184 0.035647634 -0.001568002 18.457754135
-0.003728526 0.059556428 -0.998217940 -103.572212219 -0.034366861 0.997627616 0.059649572 3.788700104 0.999402285 0.034528032 -0.001672913 18.453861237
-0.004195281 0.058327727 -0.998288691 -104.734939575 -0.038221482 0.997558594 0.058445692 3.843844175 0.999260426 0.038401272 -0.001955667 18.439521790
-0.004509385 0.059499625 -0.998218179 -105.903770447 -0.041594222 0.997353256 0.059635971 3.897592068 0.999124408 0.041789029 -0.002022609 18.427808762
-0.004494344 0.058883946 -0.998254657 -107.078018188 -0.045750093 0.997207403 0.059028149 3.950117111 0.998942792 0.045935545 -0.001787847 18.402746201
-0.004977854 0.054613691 -0.998495042 -108.248886108 -0.046751060 0.997402966 0.054787021 4.004723549 0.998894155 0.046953425 -0.002411679 18.397460938
-0.005379157 0.051183488 -0.998674750 -109.431251526 -0.046006579 0.997619033 0.051377196 4.044320107 0.998926640 0.046221975 -0.003011572 18.380645752
-0.006369933 0.050229937 -0.998717368 -110.626960754 -0.042667806 0.997814417 0.050456665 4.091866493 0.999069035 0.042934489 -0.004212812 18.371398926
-0.006685667 0.049664706 -0.998743594 -111.814529419 -0.038217228 0.998023450 0.049884733 4.133401871 0.999247193 0.038502723 -0.004774406 18.366319656
-0.006843989 0.051282313 -0.998660803 -113.033798218 -0.037445810 0.997970521 0.051503494 4.185622215 0.999275208 0.037748143 -0.004909792 18.349519730
-0.007540013 0.055366006 -0.998437703 -114.282081604 -0.036718868 0.997777283 0.055606682 4.223251343 0.999297202 0.037080768 -0.005490276 18.333318710
-0.008267476 0.055593304 -0.998419285 -115.485542297 -0.034878340 0.997829735 0.055849291 4.282024384 0.999357343 0.035284936 -0.006310531 18.326690674
-0.009521820 0.050977550 -0.998654425 -116.703720093 -0.034686904 0.998081744 0.051279042 4.334749222 0.999352872 0.035128497 -0.007735300 18.316431046
-0.010145818 0.047559202 -0.998816907 -117.937995911 -0.035004444 0.998239219 0.047887258 4.376262665 0.999335587 0.035448894 -0.008463170 18.294775009
-0.010197789 0.045982953 -0.998890102 -119.196281433 -0.034228124 0.998340666 0.046307102 4.423747540 0.999361932 0.034662373 -0.008606957 18.275758743
-0.010900858 0.046828344 -0.998843431 -120.436637878 -0.036144581 0.998231590 0.047194127 4.473264694 0.999287009 0.036617246 -0.009188988 18.253965378
-0.011673385 0.051998202 -0.998578906 -121.705429077 -0.041077279 0.997779071 0.052436747 4.515028000 0.999087811 0.041631032 -0.009511515 18.234161377
-0.011547985 0.055109903 -0.998413503 -122.953605652 -0.046572015 0.997366846 0.055590801 4.563967228 0.998848140 0.047140080 -0.008951000 18.192646027
-0.011702591 0.054814581 -0.998427868 -124.217353821 -0.053750575 0.997018278 0.055367190 4.619769573 0.998485744 0.054314014 -0.008721381 18.161642075
-0.011056876 0.052724455 -0.998547912 -125.473640442 -0.057209685 0.996939838 0.053273022 4.670783043 0.998300970 0.057715643 -0.008006691 18.125354767
-0.011891044 0.051353801 -0.998609722 -126.742408752 -0.059700046 0.996862352 0.051974818 4.722998619 0.998145640 0.060235083 -0.008787908 18.105981827
-0.012783566 0.050549503 -0.998639762 -128.003997803 -0.059402317 0.996919096 0.051222805 4.766592026 0.998152256 0.059976332 -0.009741423 18.087564468
-0.012793751 0.050152965 -0.998659551 -129.294952393 -0.057492994 0.997052133 0.050808772 4.810264587 0.998263896 0.058065958 -0.009872593 18.062707901
-0.013324908 0.050853208 -0.998617291 -130.547058105 -0.057533450 0.997012436 0.051539175 4.854007721 0.998254597 0.058140654 -0.010359337 18.043754578
-0.013959792 0.055839732 -0.998342156 -131.818710327 -0.057680216 0.996731997 0.056556199 4.902236938 0.998237491 0.058374111 -0.010693323 18.020046234
-0.014555992 0.060067203 -0.998088181 -133.089813232 -0.056841310 0.996530175 0.060802400 4.952104568 0.998277128 0.057617687 -0.011091184 17.997974396
-0.014237500 0.058827952 -0.998166621 -134.353195190 -0.056836080 0.996606231 0.059546676 5.005936623 0.998281956 0.057579670 -0.010845630 17.962411880
-0.013531595 0.057084378 -0.998277605 -135.617279053 -0.056693614 0.996719182 0.057763737 5.063151836 0.998299897 0.057377610 -0.010250884 17.944339752
-0.012096963 0.056334503 -0.998338640 -136.868118286 -0.055566594 0.996831059 0.056922741 5.118638992 0.998381674 0.056162875 -0.008928310 17.919286728
-0.011694225 0.055700526 -0.998379052 -138.123535156 -0.056237906 0.996830344 0.056272842 5.165222168 0.998348832 0.056804810 -0.008524678 17.902854919
-0.010666342 0.057968196 -0.998261452 -139.380096436 -0.056184083 0.996706545 0.058478210 5.214547157 0.998363376 0.056710158 -0.007374321 17.888154984
-0.010029022 0.061174300 -0.998076737 -140.627807617 -0.057096135 0.996463478 0.061649144 5.275095940 0.998318255 0.057604607 -0.006500739 17.869262695
-0.008785672 0.062347639 -0.998015761 -141.875961304 -0.058886658 0.996290088 0.062758207 5.327977657 0.998225987 0.059321195 -0.005081633 17.848503113
-0.007265890 0.059747003 -0.998187125 -143.142486572 -0.060971115 0.996329725 0.060079645 5.381371498 0.998113096 0.061297104 -0.003596381 17.828924179
-0.007296280 0.056803104 -0.998358727 -144.382537842 -0.059636649 0.996583462 0.057137940 5.433197021 0.998193443 0.059955671 -0.003883805 17.817073822
-0.007109507 0.055398684 -0.998438954 -145.621963501 -0.056487605 0.996847630 0.055712610 5.475902081 0.998377979 0.056795523 -0.003957756 17.809137344
-0.007726946 0.054757092 -0.998469830 -146.853622437 -0.054818753 0.996974766 0.055099342 5.522629738 0.998466372 0.055160616 -0.004701856 17.801010132
-0.007740296 0.055513397 -0.998427987 -148.080886841 -0.052391462 0.997063816 0.055843730 5.561045647 0.998596549 0.052741349 -0.004809142 17.790435791
-0.007752363 0.053847946 -0.998519003 -149.330886841 -0.050615933 0.997247815 0.054172371 5.619681358 0.998688102 0.050960939 -0.005005463 17.780841827
-0.007429932 0.053428475 -0.998544037 -150.573394775 -0.049564824 0.997324407 0.053732023 5.674810410 0.998743176 0.049891878 -0.004761881 17.764163971
-0.007894150 0.056352027 -0.998379648 -151.802871704 -0.047891922 0.997243881 0.056666579 5.721332550 0.998821318 0.048261661 -0.005173586 17.755863190
-0.007934178 0.057709511 -0.998301804 -153.045669556 -0.045338888 0.997285843 0.058011115 5.775351048 0.998940170 0.045722160 -0.005296159 17.743810654
-0.007803925 0.056175396 -0.998390377 -154.272064209 -0.043321609 0.997464418 0.056461919 5.827218056 0.999030650 0.043692503 -0.005350530 17.726932526
-0.008762541 0.056599338 -0.998358548 -155.503540039 -0.043980181 0.997408926 0.056931514 5.876779556 0.998993993 0.044406861 -0.006250587 17.716861725
-0.008640850 0.061162733 -0.998090446 -156.732482910 -0.044791944 0.997102141 0.061489962 5.931929588 0.998959064 0.045237731 -0.005876212 17.701555252
-0.008328864 0.067994915 -0.997650862 -157.957107544 -0.049761526 0.996421278 0.068326548 5.983474731 0.998726368 0.050213713 -0.004915527 17.688730240
-0.006983514 0.068015561 -0.997659743 -159.212783813 -0.054222409 0.996190608 0.068294935 6.044194698 0.998504460 0.054572448 -0.003268945 17.662221909
-0.005772116 0.063894473 -0.997939885 -160.440689087 -0.058038268 0.996252954 0.064122148 6.108455181 0.998297691 0.058288820 -0.002042162 17.641336441
-0.003738774 0.058949143 -0.998253942 -161.661102295 -0.059941150 0.996452689 0.059067275 6.155540466 0.998194933 0.060057335 -0.000192032 17.624086380
-0.003304104 0.057497814 -0.998340130 -162.881027222 -0.062375825 0.996389687 0.057591923 6.207669735 0.998047292 0.062462579 0.000294298 17.614418030
-0.001772332 0.054333780 -0.998521268 -164.090866089 -0.057790540 0.996848464 0.054345332 6.250148773 0.998327136 0.057801399 0.001373232 17.617250443
-0.001460171 0.049790591 -0.998758614 -165.304519653 -0.054864194 0.997251391 0.049795665 6.300080776 0.998492777 0.054868795 0.001275564 17.607416153
-0.001852883 0.046125453 -0.998933852 -166.537902832 -0.048564389 0.997752786 0.046160989 6.344567776 0.998818338 0.048598155 0.000391336 17.611125946
-0.003151352 0.049080160 -0.998789847 -167.763946533 -0.046285216 0.997717202 0.049173482 6.388553143 0.998923242 0.046384167 -0.000872473 17.610439301
-0.002569285 0.055717722 -0.998443246 -168.998291016 -0.047058579 0.997333705 0.055776894 6.431158066 0.998888850 0.047128633 0.000059562 17.600700378
-0.000773712 0.058893982 -0.998263955 -170.218643188 -0.048100911 0.997106493 0.058862977 6.477257729 0.998842180 0.048062954 0.002061381 17.596361160
0.001007635 0.055377893 -0.998465002 -171.431030273 -0.049196515 0.997259200 0.055261366 6.529846191 0.998788595 0.049065314 0.003729272 17.587787628
0.001616327 0.055786092 -0.998441458 -172.656356812 -0.051086593 0.997143567 0.055630874 6.578845024 0.998692930 0.050917059 0.004461632 17.589223862
0.002762626 0.056832876 -0.998379886 -173.864929199 -0.049827475 0.997151375 0.056625061 6.624374866 0.998753965 0.049590319 0.005586596 17.582826614
0.003227415 0.054572251 -0.998504579 -175.069076538 -0.049634676 0.997287750 0.054345313 6.675134659 0.998762190 0.049385052 0.005927338 17.585269928
0.005321533 0.052980784 -0.998581290 -176.276443481 -0.050193854 0.997350812 0.052648012 6.721769333 0.998725235 0.049842477 0.007966746 17.579214096
0.006463865 0.054893043 -0.998471320 -177.435287476 -0.051345915 0.997193277 0.054490373 6.762003422 0.998659968 0.050915200 0.009264254 17.590429306
0.008357508 0.056802180 -0.998350501 -178.553970337 -0.051486678 0.997085512 0.056299198 6.795806408 0.998638630 0.050931223 0.011257705 17.581447601
0.008756742 0.058036122 -0.998276114 -179.641235352 -0.052301109 0.996974528 0.057501677 6.832882404 0.998592913 0.051707420 0.011765601 17.586536407
0.009147846 0.059743732 -0.998171806 -180.727844238 -0.052745022 0.996852815 0.059181400 6.860609055 0.998566031 0.052107219 0.012270240 17.584602356
0.008586868 0.060606994 -0.998124719 -181.779876709 -0.051882315 0.996844172 0.060082886 6.899962902 0.998616219 0.051269107 0.011704198 17.598007202
0.009482528 0.059817810 -0.998164296 -182.805221558 -0.052501991 0.996862113 0.059241004 6.935895920 0.998575807 0.051843863 0.012593325 17.595184326
0.010847042 0.059945330 -0.998142719 -183.779800415 -0.053199627 0.996822357 0.059287895 6.967403412 0.998524964 0.052457720 0.014001642 17.603832245
0.012163959 0.060643584 -0.998085380 -184.745285034 -0.053959172 0.996744752 0.059904505 7.000577927 0.998469055 0.053127185 0.015396638 17.613428116
0.011870190 0.059144817 -0.998178840 -185.682006836 -0.052647512 0.996901512 0.058443058 7.031211376 0.998542547 0.051857907 0.014947237 17.617418289
0.008358720 0.056023091 -0.998394489 -186.619430542 -0.050215945 0.997193158 0.055535257 7.062723637 0.998703361 0.049671121 0.011148511 17.625942230
0.003260266 0.052507278 -0.998615324 -187.543624878 -0.049943835 0.997382879 0.052279416 7.093045235 0.998746693 0.049704228 0.005874148 17.627382278
-0.001483570 0.049557764 -0.998770177 -188.469635010 -0.051625665 0.997435629 0.049568221 7.122644424 0.998665392 0.051635712 0.001078686 17.616968155
-0.005139733 0.048697840 -0.998800337 -189.396331787 -0.053968839 0.997344375 0.048904564 7.157979012 0.998529375 0.054155454 -0.002497918 17.602449417
-0.008159344 0.049726535 -0.998729527 -190.322067261 -0.055435788 0.997204363 0.050103482 7.180723190 0.998428941 0.055774175 -0.005379904 17.586494446
-0.010143869 0.051486332 -0.998622179 -191.244308472 -0.054086249 0.997183383 0.051961545 7.212841511 0.998484790 0.054538820 -0.007330594 17.574132919
-0.011713888 0.052740429 -0.998539567 -192.171127319 -0.051500220 0.997250974 0.053276513 7.248078346 0.998604298 0.052049089 -0.008965543 17.565074921
-0.013183719 0.053260013 -0.998493671 -193.083221436 -0.049265776 0.997333169 0.053848594 7.275603294 0.998698711 0.049901489 -0.010524666 17.553590775
-0.013916019 0.051455505 -0.998578429 -193.996353149 -0.050064318 0.997386575 0.052091792 7.318243980 0.998649061 0.050718054 -0.011303569 17.532438278
-0.014865697 0.050892200 -0.998593569 -194.906143188 -0.051933270 0.997316539 0.051600240 7.342458725 0.998539925 0.052627299 -0.012182810 17.512517929
-0.014658604 0.049948368 -0.998644292 -195.805801392 -0.055523299 0.997169912 0.050689623 7.377720356 0.998349786 0.056191064 -0.011843823 17.488033295
-0.014034352 0.048969653 -0.998701632 -196.722061157 -0.058006566 0.997078061 0.049705178 7.398039818 0.998217523 0.058628835 -0.011152782 17.469715118
-0.013321148 0.045830768 -0.998860419 -197.630935669 -0.057808608 0.997242868 0.046527505 7.434375763 0.998238742 0.058362536 -0.010635006 17.456024170
-0.012795393 0.043724559 -0.998961687 -198.550888062 -0.058041856 0.997326553 0.044396423 7.457370758 0.998232126 0.058549661 -0.010223331 17.438220978
-0.011536324 0.042787120 -0.999017656 -199.481826782 -0.057831336 0.997383237 0.043384932 7.494730473 0.998259723 0.058275029 -0.009031701 17.409292221
-0.011411007 0.046360005 -0.998859644 -200.419342041 -0.055118117 0.997376740 0.046920855 7.511242867 0.998414636 0.055590667 -0.008825795 17.411575317
-0.011531468 0.047633827 -0.998798311 -201.356109619 -0.054492950 0.997350454 0.048193913 7.539884090 0.998447537 0.054983217 -0.008905205 17.395969391
-0.010215171 0.044334657 -0.998964548 -202.289520264 -0.049418151 0.997773588 0.044787131 7.565111160 0.998725951 0.049824491 -0.008001490 17.385364532
-0.010341521 0.040938254 -0.999108195 -203.233093262 -0.048232272 0.997978210 0.041391201 7.597752571 0.998782694 0.048617307 -0.008346068 17.373918533
-0.009856004 0.041052032 -0.999108374 -204.166488647 -0.052138951 0.997776628 0.041511666 7.635660648 0.998591185 0.052501600 -0.007693682 17.359228134
-0.007913899 0.044869669 -0.998961449 -205.123336792 -0.053386878 0.997549057 0.045229167 7.666025162 0.998542488 0.053689376 -0.005499050 17.339593887
-0.006107424 0.044448666 -0.998992980 -206.081054688 -0.051269293 0.997683764 0.044703852 7.695796013 0.998666167 0.051490694 -0.003814427 17.332202911
-0.003824114 0.045226336 -0.998969376 -207.064910889 -0.050519794 0.997692347 0.045361906 7.739074707 0.998715758 0.050641201 -0.001530464 17.326950073
-0.002176879 0.049845949 -0.998754561 -208.046569824 -0.051331345 0.997434556 0.049891960 7.776378632 0.998679340 0.051376022 0.000387365 17.318487167
-0.000293545 0.054464974 -0.998515606 -209.050033569 -0.048999984 0.997315526 0.054413900 7.805171967 0.998798788 0.048943222 0.002376025 17.311487198
0.000878195 0.054439127 -0.998516619 -210.055206299 -0.048083339 0.997364402 0.054334022 7.853649139 0.998842955 0.047964294 0.003493495 17.321062088
0.002770819 0.055250447 -0.998468697 -211.056503296 -0.051452439 0.997157812 0.055035129 7.897242069 0.998671591 0.051221155 0.005605714 17.319007874
0.005426367 0.056768686 -0.998372614 -212.081558228 -0.054357577 0.996927917 0.056391094 7.945453644 0.998506844 0.053963125 0.008495504 17.318861008
0.009088271 0.057371177 -0.998311579 -213.117614746 -0.055764686 0.996828258 0.056778271 7.987645626 0.998402596 0.055154521 0.012258733 17.322269440
0.011977024 0.054739263 -0.998428881 -214.146499634 -0.058590185 0.996823311 0.053948399 8.033056259 0.998210192 0.057851989 0.015146161 17.327062607
