1.000000000 0.000000000 -0.000000000 0.000000000 0.000000000 1.000000000 0.000000000 0.000000000 -0.000000000 0.000000000 1.000000000 0.000000000
0.999933779 -0.002527358 0.011226749 0.015889809 0.002515796 0.999996305 0.001043870 -0.004320382 -0.011229346 -0.001015556 0.999936461 0.295363456
0.999829233 -0.004523700 0.017918039 0.026341457 0.004503076 0.999989152 0.001191215 -0.008812509 -0.017923234 -0.001110325 0.999838769 0.582636893
0.999777198 -0.007471345 0.019742269 0.038653817 0.007473200 0.999972045 -0.000020164 -0.012800667 -0.019741567 0.000167698 0.999805093 0.886899292
0.999816120 -0.008666141 0.017105523 0.051192902 0.008698248 0.999960542 -0.001803511 -0.009805635 -0.017089218 0.001951968 0.999852061 1.202867150
0.999883056 -0.011495424 0.010085572 0.056206223 0.011530270 0.999927759 -0.003403682 -0.010653742 -0.010045717 0.003519573 0.999943376 1.520221829
0.999915004 -0.012922199 -0.001757885 0.054808032 0.012911991 0.999900341 -0.005698602 -0.008010188 0.001831348 0.005675421 0.999982178 1.862495542
0.999752343 -0.012246727 -0.018579172 0.038045838 0.012135470 0.999907851 -0.006089313 -0.010509964 0.018652027 0.005862339 0.999808848 2.200661421
0.999231756 -0.007667772 -0.038434789 0.010956749 0.007452985 0.999955893 -0.005728560 -0.020142859 0.038477015 0.005437704 0.999244750 2.540900230
0.998318195 -0.004254050 -0.057816368 -0.035298198 0.003840204 0.999966204 -0.007267159 -0.019766208 0.057845328 0.007032910 0.998300791 2.894525766
0.996925294 -0.004035946 -0.078253865 -0.075521305 0.003437627 0.999963760 -0.007779086 -0.022598308 0.078282446 0.007486159 0.996903121 3.259491444
0.995007277 -0.005475818 -0.099652402 -0.119504377 0.004740489 0.999959707 -0.007614239 -0.021442927 0.099690095 0.007103822 0.994993150 3.635088921
0.992864072 -0.007430866 -0.119019367 -0.181179702 0.006753372 0.999958634 -0.006094608 -0.036509641 0.119059734 0.005247335 0.992873251 4.013759136
0.990574121 -0.006135349 -0.136839747 -0.252797037 0.005406374 0.999969184 -0.005698227 -0.039301671 0.136870503 0.004904710 0.990576804 4.410301208
0.988189757 -0.005017176 -0.153152853 -0.322153449 0.004310766 0.999978542 -0.004944171 -0.047794774 0.153174356 0.004225574 0.988190174 4.822597027
0.986080050 -0.004005946 -0.166222692 -0.407683343 0.003205422 0.999981940 -0.005083968 -0.052732833 0.166240036 0.004480385 0.986075103 5.233876705
0.983891368 -0.005813832 -0.178672805 -0.490832925 0.004815067 0.999970257 -0.006023058 -0.057567321 0.178702474 0.005065713 0.983890057 5.664191723
0.982044876 -0.009655910 -0.188400313 -0.581120253 0.008255295 0.999932230 -0.008217521 -0.066483423 0.188466877 0.006514674 0.982057929 6.116781712
0.980542600 -0.008613110 -0.196117669 -0.682027340 0.006770629 0.999926388 -0.010063276 -0.075201057 0.196189955 0.008539629 0.980528772 6.576087952
0.979089677 -0.007828420 -0.203278586 -0.794027865 0.005539169 0.999914646 -0.011828152 -0.081011213 0.203353837 0.010454827 0.979049444 7.034052372
0.977323771 -0.008748300 -0.211569846 -0.902297318 0.005733769 0.999873161 -0.014857709 -0.088906586 0.211672977 0.013307700 0.977249861 7.517455578
0.975611746 -0.012532202 -0.219145715 -1.019534588 0.009170773 0.999824226 -0.016349331 -0.101784721 0.219312057 0.013940863 0.975555182 8.015734673
0.973575830 -0.019163150 -0.227558717 -1.124642730 0.015474757 0.999718428 -0.017981775 -0.110227033 0.227839246 0.013985205 0.973598242 8.535806656
0.971603215 -0.019703472 -0.235794201 -1.252790928 0.015488068 0.999685645 -0.019716436 -0.134438559 0.236108586 0.015504561 0.971602976 9.032078743
0.969448149 -0.015887665 -0.244781256 -1.400793076 0.010192364 0.999647439 -0.024516145 -0.141279936 0.245084450 0.021272233 0.969268322 9.559647560
0.967276514 -0.012713055 -0.253405869 -1.557706833 0.006005008 0.999611139 -0.027227513 -0.162229240 0.253653526 0.024814833 0.966976762 10.109765053
0.964916468 -0.015210058 -0.262115896 -1.714443207 0.007698413 0.999530435 -0.029660884 -0.175403297 0.262443900 0.026602402 0.964580476 10.678742409
0.962602556 -0.018467449 -0.270287275 -1.867797852 0.010431027 0.999460816 -0.031139279 -0.200297743 0.270716518 0.027155383 0.962276042 11.224015236
0.960424602 -0.018006243 -0.277957648 -2.045634508 0.009075802 0.999401510 -0.033382215 -0.224153280 0.278392315 0.029538406 0.960013151 11.797631264
0.958185256 -0.016823411 -0.285653681 -2.240719795 0.006467795 0.999288499 -0.037157208 -0.250145584 0.286075532 0.033755939 0.957612336 12.390203476
0.955847025 -0.017490748 -0.293343902 -2.428269863 0.005358159 0.999098659 -0.042112343 -0.281242102 0.293816000 0.038681176 0.955079019 12.990149498
0.953849137 -0.019925196 -0.299624413 -2.613296509 0.005341975 0.998764157 -0.049412321 -0.317588598 0.300238699 0.045531310 0.952776790 13.591587067
0.952463329 -0.020613650 -0.303954840 -2.818336248 0.003247917 0.998338640 -0.057527881 -0.353236973 0.304635733 0.053805970 0.950948000 14.212332726
0.951207280 -0.020442104 -0.307874471 -3.033615112 0.000017323 0.997806430 -0.066198356 -0.394793153 0.308552384 0.062963031 0.949121177 14.827607155
0.949913323 -0.020388672 -0.311847448 -3.256662846 -0.003222568 0.997177422 -0.075011939 -0.443169713 0.312496662 0.072259791 0.947166502 15.468091965
0.948871613 -0.019701693 -0.315046757 -3.494179487 -0.006505904 0.996617675 -0.081919044 -0.497471452 0.315595120 0.079780310 0.945534170 16.107463837
0.946991742 -0.017751224 -0.320767015 -3.721973419 -0.011340294 0.996002913 -0.088598385 -0.558645964 0.321057618 0.087539531 0.943005204 16.769006729
0.945490301 -0.016803650 -0.325216472 -3.970297575 -0.014798828 0.995418966 -0.094456539 -0.624029040 0.325313866 0.094120555 0.940910280 17.435680389
0.943933666 -0.015499275 -0.329771101 -4.228882313 -0.018556776 0.994827151 -0.099873729 -0.694066405 0.329613239 0.100393653 0.938763201 18.112888336
0.942074060 -0.012774697 -0.335161597 -4.480539322 -0.023105128 0.994428813 -0.102846690 -0.768986344 0.334608227 0.104633167 0.936530352 18.807830811
0.940415382 -0.011578899 -0.339830965 -4.751775265 -0.025463870 0.994215369 -0.104341671 -0.845542550 0.339073390 0.106777921 0.934680521 19.505266190
0.938021302 -0.011134149 -0.346398860 -5.017243862 -0.026478702 0.994260192 -0.103660330 -0.925846219 0.345564783 0.106407799 0.932342410 20.226320267
0.935705900 -0.011488155 -0.352593988 -5.289760113 -0.026086619 0.994480133 -0.101630032 -1.011686206 0.351815253 0.104293801 0.930241227 20.935420990
0.933262408 -0.011799654 -0.359001696 -5.582072258 -0.025810808 0.994673669 -0.099790774 -1.092082024 0.358267069 0.102397092 0.927986860 21.652666092
0.929984093 -0.010637340 -0.367445737 -5.868090630 -0.026984753 0.994908810 -0.097098917 -1.170499444 0.366607875 0.100215860 0.924962401 22.369060516
0.926591337 -0.008769002 -0.375967234 -6.178019524 -0.027625909 0.995439947 -0.091303028 -1.249396086 0.375053406 0.094987050 0.922123849 23.107481003
0.923085690 -0.005424594 -0.384555936 -6.503077507 -0.030048423 0.995826662 -0.086175315 -1.329672575 0.383418500 0.091102503 0.919070482 23.860658646
0.919627190 -0.001817735 -0.392788172 -6.835503578 -0.033041842 0.996086955 -0.081969887 -1.406420469 0.391400158 0.088360190 0.915968537 24.607404709
0.915681958 -0.000276316 -0.401903600 -7.181789875 -0.035080206 0.996128142 -0.080610260 -1.479083300 0.400369793 0.087912224 0.912126899 25.359434128
0.911656857 -0.000806256 -0.410951346 -7.526850700 -0.035189815 0.996171951 -0.080019742 -1.546795368 0.409442663 0.087411851 0.908138692 26.106636047
0.907887101 -0.000482300 -0.419214398 -7.894860268 -0.035846077 0.996247590 -0.078777552 -1.617409587 0.417679310 0.086548306 0.904463053 26.875783920
0.903810680 0.000079577 -0.427932471 -8.283226967 -0.036605470 0.996349096 -0.077126980 -1.686251760 0.426363975 0.085372850 0.900513887 27.671075821
0.899921536 -0.001148812 -0.436050296 -8.640923500 -0.034853652 0.996607542 -0.074556708 -1.763426185 0.434656680 0.082293123 0.896828532 28.420681000
0.896233797 -0.000881772 -0.443581074 -9.041557312 -0.033905245 0.996936381 -0.070485644 -1.832668304 0.442284316 0.078211345 0.893458188 29.209178925
0.892292738 0.001382627 -0.451455176 -9.449848175 -0.034285087 0.997314990 -0.064709470 -1.898715496 0.450153559 0.073217951 0.889944375 30.001804352
0.888651431 0.001716659 -0.458580136 -9.875858307 -0.032925107 0.997651100 -0.060068704 -1.966896415 0.457399905 0.068478934 0.886620641 30.803701401
0.884984910 0.000301889 -0.465619624 -10.313600540 -0.031116644 0.997802556 -0.058495253 -2.025095463 0.464578837 0.066255935 0.883049667 31.611579895
0.881340981 -0.000115728 -0.472480744 -10.741973877 -0.030820144 0.997856081 -0.057734720 -2.083190680 0.471474469 0.065445885 0.879447937 32.439521790
0.878227472 0.000529568 -0.478242964 -11.202825546 -0.031007467 0.997958422 -0.055835899 -2.140583038 0.477236956 0.063865721 0.876450837 33.267803192
0.875077426 -0.001798271 -0.483979672 -11.658854485 -0.028175507 0.998107791 -0.054652341 -2.193448067 0.483162165 0.061461393 0.873370945 34.100009918
0.872546852 -0.002509188 -0.488524079 -12.158414841 -0.027637199 0.998131752 -0.054489125 -2.257032633 0.487748176 0.061045747 0.870847404 34.949466705
0.870156169 -0.004399216 -0.492756456 -12.617444038 -0.026199140 0.998132765 -0.055176035 -2.309975147 0.492079109 0.060921565 0.868416190 35.794883728
0.868709505 -0.004069141 -0.495305300 -13.118600845 -0.026953142 0.998096347 -0.055472549 -2.370231628 0.494588107 0.061539564 0.866946042 36.660385132
0.868404388 -0.003976105 -0.495840669 -13.623161316 -0.026667034 0.998146176 -0.054708108 -2.429875135 0.495139033 0.060731359 0.866688550 37.516407013
0.868048728 -0.004259008 -0.496460557 -14.128335953 -0.025494512 0.998261452 -0.053140339 -2.489548445 0.495823830 0.058785435 0.866431117 38.403270721
0.867895067 -0.004815172 -0.496724188 -14.654520035 -0.024511132 0.998319805 -0.052504346 -2.554179192 0.496142417 0.057743542 0.866318882 39.282890320
0.867106557 -0.006981323 -0.498073727 -15.176881790 -0.022526866 0.998329163 -0.053210691 -2.616237402 0.497613072 0.057359375 0.865500450 40.191062927
0.865995288 -0.009792248 -0.499956280 -15.708950043 -0.019544171 0.998381555 -0.053407781 -2.681518793 0.499670088 0.056022123 0.864402235 41.105491638
0.864357531 -0.010133578 -0.502775550 -16.253355026 -0.018391771 0.998491049 -0.051743481 -2.738997698 0.502541184 0.053971801 0.862866938 42.041721344
0.862340093 -0.009371402 -0.506242812 -16.791095734 -0.017189123 0.998710573 -0.047767963 -2.801364899 0.506037652 0.049894098 0.861067057 42.937778473
0.859517276 -0.009313157 -0.511021793 -17.341833115 -0.015229997 0.998923302 -0.043821186 -2.861236572 0.510879695 0.045447920 0.858450055 43.859230042
0.855479658 -0.010070765 -0.517738640 -17.908725739 -0.013326694 0.999051630 -0.041453220 -2.929829121 0.517664969 0.042362124 0.854533970 44.780307770
0.850154519 -0.013431489 -0.526361883 -18.471519470 -0.011520360 0.998960853 -0.044098213 -2.984678268 0.526407242 0.043554172 0.849116266 45.684951782
0.844101548 -0.017569821 -0.535895407 -19.044563293 -0.009341089 0.998829484 -0.047460914 -3.042561531 0.536101997 0.045067672 0.842949331 46.581562042
0.837861061 -0.016927650 -0.545621037 -19.622436523 -0.010252355 0.998854697 -0.046732642 -3.105785847 0.545787215 0.044749368 0.836728036 47.482437134
0.832104027 -0.013531572 -0.554454386 -20.225803375 -0.011481130 0.999067903 -0.041612893 -3.163740635 0.554500580 0.040992033 0.831173182 48.368354797
0.827089429 -0.008313634 -0.562008858 -20.856597900 -0.015231315 0.999191880 -0.037196156 -3.223324776 0.561863899 0.039324686 0.826294422 49.258331299
0.823070586 -0.008557037 -0.567874610 -21.469276428 -0.016359078 0.999114335 -0.038765840 -3.275579214 0.567703366 0.041196924 0.822201669 50.132186890
0.819423497 -0.011164279 -0.573079884 -22.086997986 -0.016274067 0.998954058 -0.042730439 -3.336686611 0.572957575 0.044340663 0.818384767 51.018325806
0.816398978 -0.013314081 -0.577334821 -22.714263916 -0.019050520 0.998569131 -0.049967293 -3.393738747 0.577174067 0.051791772 0.814977169 51.888248444
0.813036025 -0.014576960 -0.582030952 -23.339099884 -0.018925078 0.998496532 -0.051443677 -3.455728531 0.581905723 0.052840546 0.811537743 52.762367249
0.809622347 -0.013055471 -0.586805880 -23.975418091 -0.018311381 0.998704135 -0.047483940 -3.518108130 0.586665332 0.049189288 0.808334053 53.624671936
0.806762338 -0.010319700 -0.590785921 -24.611701965 -0.018256934 0.998934805 -0.042380348 -3.576901197 0.590593815 0.044976812 0.805714607 54.466651917
0.803775609 -0.008035216 -0.594878376 -25.264081955 -0.019311560 0.999029517 -0.039587203 -3.626618862 0.594619155 0.043307252 0.802840352 55.342597961
0.800778091 -0.007719951 -0.598911464 -25.919740677 -0.020445775 0.998981893 -0.040213987 -3.678247213 0.598612130 0.044447694 0.799804986 56.199665070
0.796999037 -0.008981684 -0.603913784 -26.575073242 -0.020499768 0.998910964 -0.041910287 -3.731609344 0.603632629 0.045782547 0.795947015 57.058563232
0.792875528 -0.012118058 -0.609263122 -27.237625122 -0.019354954 0.998796940 -0.045053698 -3.784433126 0.609076083 0.047514234 0.791687131 57.919593811
0.788722992 -0.013225861 -0.614606500 -27.892089844 -0.018708594 0.998788953 -0.045501854 -3.842066765 0.614464104 0.047386784 0.787520349 58.748233795
0.784080625 -0.013455989 -0.620513022 -28.573528290 -0.017554982 0.998884141 -0.043843552 -3.910284519 0.620410621 0.045269974 0.782969534 59.602504730
0.779419839 -0.013018630 -0.626366556 -29.260601044 -0.017964482 0.998908579 -0.043115795 -3.968369007 0.626244247 0.044857666 0.778335333 60.437877655
0.773832798 -0.014254920 -0.633229315 -29.952995300 -0.017773045 0.998864412 -0.044205308 -4.032264709 0.633140326 0.045461942 0.772700727 61.285812378
0.768253684 -0.016312990 -0.639937639 -30.639280319 -0.016021915 0.998872101 -0.044697303 -4.098829269 0.639945030 0.044591896 0.767125785 62.110084534
0.762663186 -0.017455194 -0.646560311 -31.349605560 -0.015508462 0.998854876 -0.045259416 -4.160919666 0.646610022 0.044544842 0.761519134 62.943126678
0.756902754 -0.018867487 -0.653255165 -32.064258575 -0.015367640 0.998792887 -0.046653330 -4.221833706 0.653346896 0.045351010 0.755699098 63.765060425
0.750952482 -0.020525791 -0.660037100 -32.792987823 -0.015072685 0.998723626 -0.048207082 -4.279231071 0.660184205 0.046149757 0.749684572 64.586639404
0.744554043 -0.021530759 -0.667214990 -33.550399780 -0.014050476 0.998752892 -0.047908470 -4.351131439 0.667414308 0.045045126 0.743323088 65.420211792
0.738274574 -0.021276534 -0.674164712 -34.305332184 -0.013135999 0.998859286 -0.045909017 -4.419964790 0.674372315 0.042749286 0.737152934 66.243270874
0.731761754 -0.021776605 -0.681212485 -35.071151733 -0.012570021 0.998888254 -0.045434657 -4.475953102 0.681444585 0.041810196 0.730674446 67.053100586
0.725314438 -0.023624765 -0.688012242 -35.828708649 -0.011446495 0.998858988 -0.046365619 -4.538896561 0.688322604 0.041504983 0.724216282 67.846832275
0.718473315 -0.025832206 -0.695074618 -36.609840393 -0.010379217 0.998800695 -0.047848709 -4.604228497 0.695477068 0.041592348 0.717343569 68.665374756
0.712769926 -0.025210828 -0.700944662 -37.415573120 -0.011743559 0.998784781 -0.047864910 -4.665834427 0.701299548 0.042348254 0.711607754 69.459213257
0.706997037 -0.024686011 -0.706785560 -38.225421906 -0.011838887 0.998837471 -0.046728987 -4.732376099 0.707117379 0.041404810 0.705882847 70.266273499
0.702117264 -0.024302337 -0.711646497 -39.037544250 -0.012753976 0.998827934 -0.046692625 -4.796694279 0.711947143 0.041860018 0.700984359 71.055366516
0.697091520 -0.024882955 -0.716550350 -39.867774963 -0.013651178 0.998755813 -0.047963306 -4.856062412 0.716852069 0.043216567 0.695884526 71.860061646
0.691874564 -0.026902653 -0.721516252 -40.708457947 -0.014089884 0.998612165 -0.050745565 -4.930809021 0.721880138 0.045275647 0.690535426 72.654617310
0.686968982 -0.029936787 -0.726069629 -41.554313660 -0.012507268 0.998515904 -0.053003810 -4.999692917 0.726579010 0.045493122 0.685575187 73.441726685
0.681884289 -0.029774092 -0.730853736 -42.413440704 -0.013643222 0.998479664 -0.053405926 -5.076731682 0.731332779 0.046387870 0.680441499 74.233886719
0.676845372 -0.029458731 -0.735535502 -43.283210754 -0.013448871 0.998537242 -0.052367900 -5.145578384 0.736002386 0.045337100 0.675459266 75.028030396
0.671875894 -0.029473063 -0.740077138 -44.162822723 -0.012594800 0.998608768 -0.051203061 -5.219068527 0.740556538 0.043723218 0.670570195 75.814186096
0.666422784 -0.031200213 -0.744920969 -45.041954041 -0.011527322 0.998573482 -0.052136775 -5.286408901 0.745485008 0.043332074 0.665112376 76.605163574
0.661649942 -0.032524083 -0.749107242 -45.918094635 -0.010559577 0.998555541 -0.052681170 -5.353582859 0.749738693 0.042766750 0.660350621 77.374847412
0.657383204 -0.032884415 -0.752838492 -46.832023621 -0.009766340 0.998591661 -0.052147068 -5.433008671 0.753493190 0.041633088 0.656136155 78.152915955
0.653050423 -0.033880889 -0.756556153 -47.729179382 -0.008206367 0.998623490 -0.051805034 -5.508050919 0.757269979 0.040039882 0.651873350 78.931427002
0.649086297 -0.036973577 -0.759815693 -48.658885956 -0.005310199 0.998573542 -0.053128168 -5.582536697 0.760696232 0.038519539 0.647964120 79.721771240
0.645154953 -0.041194234 -0.762940407 -49.570945740 -0.003176772 0.998392284 -0.056593552 -5.653956890 0.764045119 0.038935304 0.643986762 80.474121094
0.640327811 -0.045765359 -0.766737282 -50.497772217 0.001414977 0.998291969 -0.058404811 -5.728060722 0.768100441 0.036313295 0.639298737 81.250961304
0.633225501 -0.049300347 -0.772395611 -51.430572510 0.006535059 0.998274207 -0.058360118 -5.807938099 0.773939729 0.031907458 0.632454872 82.030105591
0.625200927 -0.053045064 -0.778659105 -52.364555359 0.011540996 0.998206913 -0.058734968 -5.897252560 0.780378520 0.027734650 0.624692082 82.771591187
0.616091907 -0.053734962 -0.785839200 -53.319049835 0.013991668 0.998259485 -0.057290707 -5.981415749 0.787550032 0.024301142 0.615771472 83.514602661
0.607448637 -0.052312076 -0.792634606 -54.286041260 0.014605074 0.998396099 -0.054699022 -6.062327385 0.794224679 0.021650359 0.607238352 84.247802734
0.598556697 -0.052240994 -0.799375236 -55.268585205 0.014105244 0.998404026 -0.054686237 -6.140792847 0.800956309 0.021457428 0.598338187 84.978233337
0.588902295 -0.053850308 -0.806408286 -56.266853333 0.013455822 0.998292744 -0.056837473 -6.217816830 0.808092177 0.022620833 0.588621616 85.694412231
0.578855872 -0.055923086 -0.813510001 -57.275512695 0.013919644 0.998177886 -0.058713142 -6.301741600 0.815311074 0.022662677 0.578579545 86.406639099
0.569217741 -0.057835992 -0.820150197 -58.308338165 0.014367142 0.998070180 -0.060411323 -6.379735470 0.822061360 0.022603977 0.568950117 87.116455078
0.558316708 -0.057953991 -0.827601254 -59.334602356 0.017261984 0.998152673 -0.058251821 -6.476972580 0.829448283 0.018236930 0.558285773 87.830329895
0.548686206 -0.058255497 -0.833996236 -60.379211426 0.018349238 0.998168051 -0.057651121 -6.558030605 0.835826993 0.016329171 0.548749983 88.495994568
0.538727343 -0.059160482 -0.840400457 -61.440818787 0.018781593 0.998126805 -0.058224041 -6.639408588 0.842270851 0.015582822 0.538829267 89.161102295
0.527838826 -0.060030423 -0.847220480 -62.512229919 0.018095309 0.998067498 -0.059445001 -6.729726791 0.849151731 0.016046656 0.527905107 89.832412720
0.517679513 -0.060777228 -0.853413224 -63.578750610 0.017193433 0.998011291 -0.060645506 -6.811830997 0.855401814 0.016721828 0.517695010 90.482894897
0.507844985 -0.061680328 -0.859237671 -64.661422729 0.016672540 0.997950315 -0.061783664 -6.905099869 0.861287236 0.017050846 0.507832408 91.115821838
0.497839093 -0.061653737 -0.865075171 -65.756248474 0.015345515 0.997940004 -0.062291846 -6.992656231 0.867133677 0.017736292 0.497759610 91.748016357
0.489512712 -0.059382647 -0.869971931 -66.878784180 0.014478076 0.998094440 -0.059981585 -7.084350109 0.871876001 0.016766224 0.489439577 92.362319946
0.481473386 -0.058172949 -0.874528110 -67.996185303 0.015003952 0.998195827 -0.058138780 -7.167846680 0.876332283 0.014870892 0.481477529 92.975433350
0.474074811 -0.057697449 -0.878592134 -69.106636047 0.014589128 0.998228431 -0.057681944 -7.263672352 0.880363703 0.014527665 0.474076688 93.567901611
0.465809137 -0.060731642 -0.882798731 -70.207252502 0.016651332 0.998067021 -0.059875380 -7.351902008 0.884728551 0.013190728 0.465919971 94.160842896
0.458840102 -0.064205907 -0.886196136 -71.346092224 0.019484060 0.997873008 -0.062208891 -7.441554546 0.888305247 0.011277238 0.459115088 94.748443604
0.452984035 -0.067004286 -0.888997197 -72.487274170 0.020358842 0.997689128 -0.064822704 -7.539736271 0.891286194 0.011264702 0.453301311 95.325607300
0.446978688 -0.070717216 -0.891745031 -73.623741150 0.022563908 0.997444451 -0.067789435 -7.637009621 0.894260049 0.010179186 0.447432101 95.905426025
0.442279726 -0.071759649 -0.894001722 -74.768478394 0.025962785 0.997400701 -0.067214966 -7.745259762 0.896501303 0.006517041 0.442993194 96.470809937
0.438189209 -0.069256023 -0.896210790 -75.916847229 0.027556742 0.997593820 -0.063617080 -7.843004704 0.898460209 0.003179671 0.439043343 97.033851624
0.434216291 -0.067870453 -0.898248196 -77.053558350 0.031348340 0.997692108 -0.060230412 -7.941484451 0.900263011 -0.002005563 0.435341805 97.586700439
0.430726647 -0.066945881 -0.899995923 -78.202522278 0.031810403 0.997751355 -0.058993328 -8.033605576 0.901921630 -0.003219238 0.431887716 98.142364502
0.428044915 -0.067062974 -0.901265800 -79.333564758 0.033551879 0.997734725 -0.058306154 -8.121210098 0.903134465 -0.005281515 0.429325432 98.673858643
0.425941408 -0.065866575 -0.902350068 -80.477760315 0.034675486 0.997802198 -0.056465987 -8.217625618 0.904086053 -0.007238235 0.427289188 99.196121216
0.423193932 -0.065060131 -0.903700173 -81.615913391 0.037253339 0.997824550 -0.054391053 -8.304309845 0.905272901 -0.010647889 0.424697071 99.734786987
0.420988351 -0.066063285 -0.904657006 -82.743415833 0.039626881 0.997731507 -0.054419473 -8.389858246 0.906200051 -0.012938778 0.422651172 100.261566162
0.417976826 -0.066473633 -0.906022370 -83.846527100 0.041828744 0.997669756 -0.053900763 -8.471030235 0.907494187 -0.015368512 0.419783354 100.788436890
0.415682346 -0.065786794 -0.907127440 -84.954147339 0.044954978 0.997647583 -0.051751323 -8.550341606 0.908398032 -0.019267781 0.417661995 101.304428101
0.413376689 -0.065293953 -0.908216059 -86.065322876 0.047145922 0.997622609 -0.050263036 -8.631206512 0.909338653 -0.022041116 0.415472299 101.813812256
0.411825120 -0.066986643 -0.908797443 -87.165092468 0.049369842 0.997469842 -0.051150475 -8.708071709 0.909924507 -0.023802137 0.414090246 102.313476562
0.410245359 -0.067477196 -0.909475446 -88.233642578 0.050670467 0.997404993 -0.051144611 -8.797327042 0.910566449 -0.025101705 0.412599832 102.799148560
0.409731984 -0.068178654 -0.909654617 -89.317138672 0.050000176 0.997382402 -0.052232489 -8.884052277 0.910834610 -0.024081564 0.412068367 103.282989502
0.410248667 -0.069088101 -0.909353077 -90.372123718 0.048967823 0.997356653 -0.053682674 -8.960092545 0.910658121 -0.022505784 0.412547380 103.757675171
0.412826627 -0.068523541 -0.908228338 -91.416984558 0.046617672 0.997448623 -0.054065365 -9.045045853 0.909615755 -0.020019870 0.414967746 104.228378296
0.416949302 -0.068545803 -0.906341374 -92.459213257 0.045076001 0.997484803 -0.054702345 -9.131774902 0.907811224 -0.018046139 0.418990403 104.700149536
0.421821952 -0.069191873 -0.904034615 -93.482482910 0.043780614 0.997475326 -0.055915497 -9.209540367 0.905620933 -0.015992811 0.423786163 105.176284790
0.427878261 -0.069190703 -0.901184142 -94.496337891 0.043278541 0.997490287 -0.056036398 -9.290721893 0.902799606 -0.015025184 0.429798812 105.649032593
0.434877306 -0.068255171 -0.897899210 -95.545280457 0.043076288 0.997558534 -0.054967895 -9.375393867 0.899458826 -0.014773872 0.436755717 106.147109985
0.443293393 -0.067122519 -0.893859923 -96.547363281 0.041811872 0.997655451 -0.054180991 -9.448953629 0.895400882 -0.013355881 0.445060521 106.633964539
0.451889783 -0.067177661 -0.889540732 -97.529304504 0.041966971 0.997657359 -0.054023214 -9.523659706 0.891086042 -0.012918798 0.453650385 107.135528564
0.461647958 -0.066014156 -0.884603441 -98.555023193 0.040622223 0.997754097 -0.053258587 -9.602149963 0.886132538 -0.011347851 0.463292748 107.651657104
0.471186817 -0.066017762 -0.879559278 -99.527313232 0.039323762 0.997775733 -0.053824775 -9.684490204 0.881156325 -0.009226058 0.472734898 108.174499512
0.481861681 -0.067865066 -0.873615205 -100.491104126 0.037606008 0.997679353 -0.056760307 -9.753241539 0.875439942 -0.005502563 0.483295560 108.691314697
0.493914336 -0.069145687 -0.866756856 -101.450683594 0.036240526 0.997604012 -0.058932651 -9.825748444 0.868754983 -0.002304046 0.495236725 109.223159790
0.505832970 -0.067382880 -0.859995723 -102.399818420 0.033864584 0.997727156 -0.058255997 -9.904209137 0.861966491 0.000344409 0.506965160 109.779495239
0.518649995 -0.064591520 -0.852543235 -103.320655823 0.032032467 0.997910142 -0.056117844 -9.981096268 0.854386389 0.001796454 0.519635081 110.330734253
0.530985117 -0.062161874 -0.845098019 -104.234130859 0.031232778 0.998063743 -0.053789463 -10.059295654 0.846805394 0.002166647 0.531898499 110.900733948
0.543291390 -0.061710194 -0.837273121 -105.142959595 0.031549145 0.998091161 -0.053091414 -10.132205963 0.838951290 0.002428850 0.544201136 111.477706909
0.554823875 -0.061132398 -0.829718649 -106.027221680 0.030889226 0.998122752 -0.052884858 -10.215335846 0.831394076 0.003712410 0.555670857 112.061950684
0.566460490 -0.062711880 -0.821699262 -106.909469604 0.030887175 0.998015344 -0.054875385 -10.278640747 0.823509991 0.005704763 0.567273140 112.651870728
0.576579690 -0.064614616 -0.814481914 -107.753952026 0.033257626 0.997897923 -0.055622000 -10.351670265 0.816363871 0.004982770 0.577516496 113.267883301
0.588387728 -0.063583411 -0.806075037 -108.608329773 0.033925135 0.997966766 -0.053956531 -10.442920685 0.807866931 0.004401153 0.589348555 113.866134644
0.599350095 -0.061253741 -0.798139930 -109.439956665 0.032977983 0.998110890 -0.051836371 -10.512975693 0.799807489 0.004747082 0.600237906 114.479049683
0.609231830 -0.058003966 -0.790867925 -110.242065430 0.032996979 0.998311818 -0.047799684 -10.588478088 0.792305410 0.003024834 0.610117376 115.098220825
0.619184554 -0.056249637 -0.783228219 -111.056030273 0.031529594 0.998407662 -0.046777468 -10.654087067 0.784612179 0.004269018 0.619972110 115.723182678
0.629156351 -0.056078874 -0.775253177 -111.836410522 0.029970223 0.998402417 -0.047898334 -10.717439651 0.776700675 0.006901035 0.629831910 116.355636597
0.638622046 -0.055310220 -0.767530203 -112.601806641 0.027748153 0.998420119 -0.048860945 -10.783735275 0.769020021 0.009906133 0.639147937 116.993049622
0.648187935 -0.054560371 -0.759523273 -113.373268127 0.027499935 0.998456299 -0.048255306 -10.851608276 0.760983586 0.010391669 0.648687780 117.625709534
0.657457530 -0.052151814 -0.751684606 -114.114471436 0.026967479 0.998591304 -0.045695189 -10.917875290 0.753008842 0.009771611 0.657937884 118.272605896
0.666116416 -0.050582793 -0.744130611 -114.841468811 0.027195035 0.998681307 -0.043542117 -10.978202820 0.745351911 0.008767468 0.666613579 118.919487000
0.674416125 -0.049894210 -0.736663640 -115.560653687 0.027509909 0.998719454 -0.042457905 -11.041273117 0.737838745 0.008368743 0.674925089 119.572486877
0.682251453 -0.049176153 -0.729461849 -116.261360168 0.026399352 0.998741746 -0.042638674 -11.094415665 0.730640829 0.009832974 0.682691157 120.224136353
0.689571500 -0.047922917 -0.722630203 -116.949813843 0.025853129 0.998801231 -0.041567437 -11.153274536 0.723755896 0.009981465 0.689983904 120.884284973
0.696907997 -0.045507338 -0.715715230 -117.624114990 0.025031330 0.998920083 -0.039140794 -11.205526352 0.716723561 0.009362227 0.697294593 121.526229858
0.704334915 -0.042827472 -0.708574712 -118.287597656 0.023961494 0.999043822 -0.036565818 -11.254737854 0.709463358 0.008776067 0.704687774 122.188179016
0.711984575 -0.041470926 -0.700969517 -118.940277100 0.023293609 0.999099851 -0.035449348 -11.306334496 0.701808691 0.008911278 0.712309778 122.839759827
0.719314158 -0.040368073 -0.693511069 -119.572738647 0.022465896 0.999139726 -0.034856413 -11.358333588 0.694321573 0.009492364 0.719602287 123.487800598
0.727376401 -0.037502378 -0.685213208 -120.196922302 0.019771734 0.999236286 -0.033700813 -11.400024414 0.685953856 0.010965325 0.727562428 124.143142700
0.736358047 -0.034522109 -0.675710917 -120.799812317 0.018836439 0.999356329 -0.030530112 -11.449417114 0.676329911 0.009753102 0.736534297 124.793029785
0.745864689 -0.030688848 -0.665390372 -121.386856079 0.016934961 0.999488890 -0.027114879 -11.489929199 0.665882349 0.008955672 0.746002972 125.448982239
0.755911291 -0.028369252 -0.654058933 -121.961868286 0.014976414 0.999548495 -0.026045972 -11.533306122 0.654502511 0.009892991 0.755995035 126.103439331
0.765688896 -0.027426075 -0.642626047 -122.512077332 0.013397478 0.999553740 -0.026695989 -11.570491791 0.643071413 0.011831254 0.765714705 126.762619019
0.775796413 -0.028682260 -0.630331099 -123.062393188 0.013624887 0.999494910 -0.028711306 -11.606159210 0.630836248 0.013685939 0.775795221 127.427330017
0.785858333 -0.027796697 -0.617781460 -123.591979980 0.013265660 0.999517143 -0.028097874 -11.642241478 0.618264139 0.013885672 0.785847664 128.102279663
0.796035171 -0.026215095 -0.604682326 -124.108261108 0.012864263 0.999568701 -0.026399616 -11.676643372 0.605113447 0.013236232 0.796029329 128.783432007
0.806235492 -0.023916649 -0.591111183 -124.611663818 0.012664908 0.999651313 -0.023172306 -11.716611862 0.591459155 0.011195969 0.806257248 129.463867188
0.815846026 -0.022624483 -0.577826321 -125.105026245 0.012978785 0.999699056 -0.020817643 -11.745019913 0.578123331 0.009484506 0.815894186 130.156387329
0.825152159 -0.021326354 -0.564507782 -125.591186523 0.013529084 0.999746501 -0.017993366 -11.769248009 0.564748406 0.007209994 0.825231612 130.862213135
0.833332300 -0.020362975 -0.552397192 -126.055404663 0.014065798 0.999778807 -0.015635464 -11.801345825 0.552593410 0.005259629 0.833434343 131.557571411
0.840565085 -0.020969737 -0.541304588 -126.512344360 0.015801797 0.999774396 -0.014192695 -11.824295998 0.541480064 0.003376301 0.840706706 132.275482178
0.847184837 -0.020229068 -0.530912995 -126.957603455 0.015253892 0.999789059 -0.013753543 -11.846316338 0.531079292 0.003553302 0.847314656 132.986846924
0.853913665 -0.019486049 -0.520049810 -127.398147583 0.014557946 0.999802053 -0.013558254 -11.874710083 0.520211041 0.004006720 0.854028344 133.713058472
0.860625863 -0.017502215 -0.508936942 -127.834533691 0.012920643 0.999837935 -0.012535030 -11.897975922 0.509073794 0.004212180 0.860712528 134.445846558
0.867006421 -0.016444344 -0.498025417 -128.263610840 0.012005026 0.999854445 -0.012114882 -11.919395447 0.498152196 0.004524872 0.867077708 135.191711426
0.872838795 -0.017028723 -0.487711489 -128.686569214 0.012762045 0.999845684 -0.012070434 -11.945804596 0.487841785 0.004311347 0.872921407 135.938034058
0.877780318 -0.018270174 -0.478714764 -129.091232300 0.013716344 0.999821305 -0.013007694 -11.966884613 0.478866845 0.004851681 0.877874076 136.696502686
0.882380724 -0.018791532 -0.470160842 -129.507675171 0.014193804 0.999810576 -0.013322317 -11.990634918 0.470322132 0.005081985 0.882480204 137.458007812
0.885838687 -0.018173594 -0.463637322 -129.913955688 0.013854783 0.999823213 -0.012719587 -12.005025864 0.463786453 0.004843907 0.885933876 138.239974976
0.889018297 -0.016109359 -0.457588166 -130.314483643 0.013263252 0.999867499 -0.009431957 -12.024021149 0.457679510 0.002316076 0.889114201 139.018112183
0.892195165 -0.012000326 -0.451490611 -130.722290039 0.010794241 0.999927998 -0.005246828 -12.037572861 0.451521009 -0.000192305 0.892260492 139.817687988
0.895524085 -0.009160724 -0.444918811 -131.125366211 0.009189860 0.999955595 -0.002091564 -12.060368538 0.444918215 -0.002215696 0.895568430 140.621566772
0.898856163 -0.006374928 -0.438197315 -131.531509399 0.007130197 0.999974489 0.000078175 -12.069014549 0.438185722 -0.003194701 0.898878813 141.442123413
0.902012885 -0.004960105 -0.431680620 -131.931411743 0.006644284 0.999974966 0.002393547 -12.075595856 0.431658000 -0.005027218 0.902023435 142.282577515
0.905485809 -0.003249694 -0.424364358 -132.344848633 0.006018285 0.999968529 0.005183939 -12.081642151 0.424334228 -0.007247929 0.905476630 143.138229370
0.908841372 -0.003686953 -0.417125851 -132.741333008 0.007287388 0.999948621 0.007039395 -12.086791992 0.417078584 -0.009437450 0.908821404 144.008346558
0.912301421 -0.003986774 -0.409500062 -133.133453369 0.008077777 0.999933243 0.008260948 -12.091532707 0.409439862 -0.010844324 0.912272632 144.895675659
0.916143894 -0.004129191 -0.400828391 -133.543182373 0.008135715 0.999932528 0.008294249 -12.094915390 0.400767148 -0.010859752 0.916115582 145.803558350
0.919901311 -0.006636580 -0.392093867 -133.919464111 0.010491859 0.999915302 0.007690654 -12.094781876 0.392009646 -0.011188434 0.919893026 146.718002319
0.924145699 -0.007870995 -0.381959319 -134.310348511 0.011216564 0.999915719 0.006533175 -12.095022202 0.381875724 -0.010321876 0.924156010 147.641006470
0.928480327 -0.009321519 -0.371264815 -134.681732178 0.011847200 0.999919474 0.004522705 -12.101125717 0.371192813 -0.008597691 0.928515971 148.579589844
0.933602571 -0.007108392 -0.358239889 -135.044601440 0.009108348 0.999950886 0.003895528 -12.105316162 0.358194560 -0.006899848 0.933621466 149.530014038
0.939738691 -0.003858697 -0.341872245 -135.408447266 0.005897725 0.999970436 0.004925046 -12.104409218 0.341843128 -0.006644523 0.939733565 150.511932373
0.946229339 0.000229316 -0.323496491 -135.759735107 0.002606801 0.999961913 0.008333749 -12.116456985 0.323486090 -0.008728930 0.946192682 151.507278442
0.952937365 0.003211065 -0.303150475 -136.101654053 -0.000232488 0.999951363 0.009860984 -12.113230705 0.303167462 -0.009326422 0.952891707 152.531967163
0.959350646 0.004962737 -0.282173187 -136.414932251 -0.001967157 0.999938607 0.010898413 -12.116424561 0.282209992 -0.009900320 0.959301591 153.568527222
0.965457499 0.006321644 -0.260484010 -136.714019775 -0.003208528 0.999918342 0.012374765 -12.111765862 0.260540962 -0.011111538 0.965398848 154.626022339
0.971036375 0.006925717 -0.238831773 -136.983245850 -0.003403412 0.999879420 0.015157294 -12.105485916 0.238907933 -0.013905439 0.970942676 155.706558228
0.976156473 0.009810270 -0.216846377 -137.229522705 -0.005875593 0.999806345 0.018782290 -12.105585098 0.216988593 -0.017060352 0.976025045 156.770462036
0.980856299 0.012219387 -0.194349170 -137.458618164 -0.007905774 0.999705195 0.022955365 -12.094289780 0.194572389 -0.020979436 0.980663776 157.873397827
0.985035002 0.014115205 -0.171774894 -137.670043945 -0.009739803 0.999606967 0.026287938 -12.081024170 0.172078401 -0.024221485 0.984785438 159.002777100
0.988607287 0.015804803 -0.149685085 -137.849609375 -0.012011684 0.999584258 0.026210982 -12.064863205 0.150037080 -0.024114398 0.988386273 160.153503418
0.991675436 0.014875775 -0.127899557 -137.998550415 -0.011900934 0.999641299 0.023992063 -12.046775818 0.128210574 -0.022270218 0.991496921 161.309127808
0.994193137 0.015504300 -0.106487587 -138.133163452 -0.013115653 0.999647200 0.023095030 -12.029943466 0.106808096 -0.021564266 0.994045794 162.454925537
0.996164203 0.014378441 -0.086314082 -138.232498169 -0.012247464 0.999608219 0.025167637 -12.014581680 0.086642146 -0.024013970 0.995950103 163.649139404
0.997701406 0.014780143 -0.066132128 -138.326400757 -0.013037500 0.999558330 0.026705330 -11.994709015 0.066497616 -0.025781751 0.997453451 164.846832275
0.998834312 0.015184069 -0.045819800 -138.388168335 -0.013932747 0.999524534 0.027506469 -11.973628998 0.046215668 -0.026836010 0.998571038 166.066375732
0.999529660 0.017187545 -0.025397155 -138.429855347 -0.016469060 0.999465644 0.028233290 -11.956340790 0.025868846 -0.027801747 0.999278605 167.306961060
0.999831378 0.017632937 -0.005149389 -138.442581177 -0.017477041 0.999429584 0.028893702 -11.933298111 0.005655933 -0.028798830 0.999569237 168.548294067
0.999680698 0.019888543 0.015587802 -138.431625366 -0.020326912 0.999387443 0.028487697 -11.915387154 -0.015011672 -0.028795457 0.999472558 169.799804688
0.999144316 0.020901864 0.035687439 -138.400970459 -0.021879707 0.999389648 0.027232988 -11.894928932 -0.035096437 -0.027990513 0.998991787 171.074264526
0.998261392 0.020937262 0.055100508 -138.334640503 -0.022327885 0.999444485 0.024744481 -11.872016907 -0.054551814 -0.025931738 0.998174131 172.358276367
0.997009873 0.022938056 0.073790975 -138.245285034 -0.024632059 0.999451637 0.022129139 -11.855302811 -0.073242910 -0.023880595 0.997028172 173.648101807
0.995395958 0.023036841 0.093038321 -138.133544922 -0.025047584 0.999475956 0.020502258 -11.844366074 -0.092517257 -0.022738248 0.995451450 174.952346802
0.993476152 0.022888556 0.111719564 -137.992095947 -0.024992643 0.999534905 0.017469460 -11.830997467 -0.111267745 -0.020147663 0.993586242 176.264236450
0.991150796 0.024252405 0.130506441 -137.830581665 -0.026079088 0.999584138 0.012305840 -11.827837944 -0.130153775 -0.015600434 0.991371095 177.594482422
0.988561213 0.026221469 0.148523405 -137.648391724 -0.027346769 0.999610662 0.005539123 -11.829399109 -0.148320362 -0.009537395 0.988893390 178.915740967
0.985733926 0.028360212 0.165904343 -137.439666748 -0.028829530 0.999584258 0.000420875 -11.835325241 -0.165823415 -0.005197815 0.986141741 180.248214722
0.982524812 0.030608065 0.183597863 -137.204269409 -0.030442735 0.999529541 -0.003719717 -11.849763870 -0.183625340 -0.001934506 0.982994378 181.598632812
0.978917181 0.032926023 0.201586425 -136.948425293 -0.032273740 0.999457777 -0.006522487 -11.871191025 -0.201691881 -0.000120973 0.979449034 182.946792603
0.975202024 0.032199562 0.218961880 -136.659164429 -0.031598952 0.999481142 -0.006245331 -11.897623062 -0.219049335 -0.000828507 0.975713432 184.310760498
0.971268833 0.031372167 0.235908180 -136.339935303 -0.030564394 0.999507725 -0.007081035 -11.919325829 -0.236014158 -0.000332802 0.971749604 185.677154541
0.966913462 0.031717166 0.253125280 -135.998092651 -0.029605757 0.999487817 -0.012147039 -11.949091911 -0.253380924 0.004251169 0.967357218 187.042709351
0.962465405 0.032914490 0.269401044 -135.629058838 -0.029579841 0.999427319 -0.016429281 -11.979612350 -0.269787520 0.007843776 0.962887943 188.406692505
0.957523048 0.035257746 0.286193252 -135.232864380 -0.031877041 0.999356151 -0.016464548 -12.018605232 -0.286589503 0.006642189 0.958030462 189.790496826
0.952048182 0.037313029 0.303664297 -134.810546875 -0.033681419 0.999284804 -0.017190089 -12.056487083 -0.304088533 0.006137955 0.952624023 191.163833618
0.946187615 0.040907208 0.321022838 -134.367889404 -0.036311861 0.999134481 -0.020291291 -12.098079681 -0.321574986 0.007542434 0.946854055 192.534027100
0.940156460 0.041526299 0.338203222 -133.887390137 -0.035334442 0.999076486 -0.024446972 -12.143699646 -0.338906050 0.011033754 0.940755546 193.911727905
0.933780849 0.042547796 0.355306923 -133.381072998 -0.035358556 0.999017835 -0.026706086 -12.196197510 -0.356094211 0.012374495 0.934368074 195.283813477
0.926998019 0.043242391 0.372564971 -132.846710205 -0.033777818 0.998920202 -0.031897042 -12.258551598 -0.373541951 0.016984062 0.927457750 196.658721924
0.918969095 0.046556775 0.391571462 -132.286026001 -0.034429185 0.998686731 -0.037940133 -12.325834274 -0.392823547 0.021384325 0.919365108 198.035980225
0.909467757 0.049974605 0.412760139 -131.690536499 -0.036094882 0.998492062 -0.041360870 -12.401170731 -0.414204717 0.022717852 0.909900188 199.402709961
0.898166835 0.053109527 0.436435252 -131.075622559 -0.038277704 0.998353779 -0.042714998 -12.481247902 -0.437985361 0.021659447 0.898721159 200.745330811
