1.000000000 0.000000000 0.000000000 0.000000000 0.000000000 1.000000000 0.000000000 0.000000000 0.000000000 0.000000000 1.000000000 0.000000000
0.999873817 0.001487100 0.015816640 0.010561296 -0.001472485 0.999998450 -0.000935620 -0.003308723 -0.015818007 0.000912212 0.999874473 0.126131952
0.999292314 0.004307300 0.037366893 0.027429346 -0.004295591 0.999990702 -0.000393651 -0.004653957 -0.037368238 0.000232860 0.999301553 0.272801399
0.997895598 0.005955802 0.064567335 0.056428257 -0.006032566 0.999981284 0.000994002 -0.005357927 -0.064560205 -0.001381417 0.997912884 0.436202109
0.995127022 0.005621470 0.098440684 0.102458641 -0.005967714 0.999976933 0.003223181 -0.004376164 -0.098420300 -0.003794940 0.995137811 0.607614160
0.990627170 0.002553770 0.136569589 0.162949085 -0.003298284 0.999980927 0.005225529 -0.005925024 -0.136553660 -0.005626996 0.990616620 0.790507436
0.984319985 -0.000184696 0.176391929 0.235921428 -0.000780930 0.999985039 0.005404886 -0.003994875 -0.176390305 -0.005457888 0.984305263 0.989260495
0.975551486 -0.000428061 0.219770581 0.319538832 -0.001074541 0.999976814 0.006717551 -0.001824731 -0.219768405 -0.006789471 0.975528479 1.192553401
0.963371336 -0.000197909 0.268170953 0.411501050 -0.002457045 0.999951243 0.009564593 0.001391483 -0.268159837 -0.009873164 0.963323891 1.408460736
0.948942602 -0.003702619 0.315427125 0.529029429 -0.001639212 0.999859750 0.016668247 -0.002638407 -0.315444618 -0.016334262 0.948803425 1.618552923
0.931971192 -0.013062303 0.362297028 0.671734035 0.004379196 0.999683380 0.024777692 -0.006894492 -0.362505972 -0.021505523 0.931733310 1.830107927
0.910547137 -0.018254392 0.413002104 0.824706912 0.006967335 0.999560297 0.028818939 -0.003884055 -0.413346618 -0.023363480 0.910273969 2.054943323
0.885113418 -0.019686777 0.464958787 0.992549896 0.005068194 0.999453306 0.032669749 0.000538044 -0.465347856 -0.026559932 0.884729266 2.281951666
0.856683016 -0.021926325 0.515376806 1.169240475 0.003052587 0.999294221 0.037440073 0.001268618 -0.515833974 -0.030501045 0.856145322 2.491760015
0.824174106 -0.026110385 0.565734148 1.370094299 0.003426661 0.999148309 0.041121747 0.013802543 -0.566325963 -0.031952906 0.823561668 2.704898596
0.787966311 -0.032283172 0.614871621 1.600111961 0.005729689 0.998965740 0.045106944 0.007369116 -0.615691900 -0.032019719 0.787336171 2.922434568
0.749584913 -0.036013290 0.660927773 1.838584423 0.006014064 0.998848081 0.047605429 0.014401317 -0.661880910 -0.031709451 0.748937964 3.129100084
0.709421039 -0.039138272 0.703697383 2.110859871 0.007104051 0.998803258 0.048389655 0.029975235 -0.704749107 -0.029329533 0.708850086 3.337891579
0.666979730 -0.040665977 0.743965328 2.412872076 0.005734326 0.998759985 0.049452405 0.046289742 -0.745053828 -0.028717607 0.666385829 3.561775684
0.624140561 -0.040530454 0.780260205 2.724304676 0.000394954 0.998669803 0.051559776 0.060514092 -0.781311989 -0.031872381 0.623326242 3.774016380
0.582418263 -0.041016489 0.811853826 3.082333088 -0.002622076 0.998626173 0.052333660 0.078941733 -0.812885165 -0.032608815 0.581510484 3.983376503
0.541938663 -0.042279650 0.839353859 3.453268051 -0.004118468 0.998588085 0.052959684 0.100077078 -0.840407968 -0.032157745 0.540999353 4.192899227
0.502699614 -0.044355500 0.863322496 3.857751369 -0.006039694 0.998478115 0.054816309 0.117145389 -0.864440024 -0.032770339 0.501666605 4.402542591
0.465461612 -0.044073004 0.883970082 4.291827679 -0.009128839 0.998467147 0.054588474 0.134700477 -0.885021031 -0.033478454 0.464345753 4.603502274
0.428649217 -0.043094378 0.902442634 4.753662586 -0.010333949 0.998562455 0.052592896 0.158415705 -0.903411865 -0.031869695 0.427587718 4.799540520
0.395080954 -0.041752655 0.917697012 5.244006157 -0.009006899 0.998742461 0.049317591 0.181233376 -0.918602109 -0.027750047 0.394208103 4.981488228
0.365960538 -0.039858989 0.929776371 5.758530140 -0.006772252 0.998941839 0.045489628 0.203349292 -0.930605710 -0.022944093 0.365303367 5.153590202
0.340880036 -0.038292676 0.939326644 6.308010578 -0.005320983 0.999075532 0.042659376 0.224481866 -0.940091848 -0.019539870 0.340361178 5.328266621
0.320608407 -0.037746876 0.946459413 6.875535011 -0.004242266 0.999138415 0.041284874 0.248864204 -0.947202265 -0.017251410 0.320172042 5.506483555
0.305492103 -0.038271617 0.951425195 7.493642807 -0.003620915 0.999137878 0.041353527 0.271860868 -0.952187657 -0.016078208 0.305090249 5.706650257
0.293984503 -0.039234027 0.955004573 8.131613731 -0.002621355 0.999120295 0.041853365 0.299536824 -0.955806494 -0.014807647 0.293623090 5.898698330
0.282855421 -0.040643878 0.958301067 8.788615227 -0.003975211 0.999043524 0.043545205 0.331412703 -0.959154367 -0.016126445 0.282423317 6.093029022
0.272478193 -0.042555671 0.961220384 9.463315010 -0.005033561 0.998944700 0.045652688 0.357253283 -0.962148786 -0.017277727 0.271976441 6.282071114
0.262325346 -0.044311993 0.963961482 10.150297165 -0.006197549 0.998847067 0.047602195 0.382253021 -0.964959562 -0.018461464 0.261748314 6.463992596
0.252386689 -0.046169057 0.966524363 10.898981094 -0.007050141 0.998746812 0.049549259 0.412563175 -0.967600763 -0.019319704 0.251744896 6.659986496
0.242308512 -0.047306754 0.969045281 11.643343925 -0.007068981 0.998697996 0.050521929 0.449613899 -0.970173419 -0.019092053 0.241658613 6.839271545
0.231849164 -0.048634779 0.971535087 12.397500038 -0.007227038 0.998635650 0.051716108 0.480021179 -0.972724795 -0.019011660 0.231181383 7.022885323
0.221216917 -0.051371772 0.973870635 13.180162430 -0.008822942 0.998465300 0.054673292 0.517505646 -0.975184739 -0.020687059 0.220424145 7.198391438
0.209379137 -0.054698333 0.976303458 13.981224060 -0.010771117 0.998244643 0.058237594 0.553947568 -0.977775216 -0.022709617 0.208422408 7.383192062
0.197279900 -0.058728177 0.978586614 14.779549599 -0.011424306 0.997998536 0.062196255 0.589365482 -0.980280638 -0.023449743 0.196214125 7.538354874
0.184116915 -0.060838081 0.981019735 15.576539040 -0.012643893 0.997853398 0.064255022 0.624799311 -0.982823014 -0.024234349 0.182952493 7.689821243
0.169532612 -0.061119191 0.983627558 16.389785767 -0.013115172 0.997846782 0.064263180 0.666232944 -0.985437334 -0.023795150 0.168365940 7.839521408
0.154918507 -0.060197759 0.986091495 17.184726715 -0.014926136 0.997885227 0.063262679 0.698922276 -0.987814486 -0.024519097 0.153692380 7.969849586
0.138284385 -0.059428833 0.988607824 18.004520416 -0.015387668 0.997948587 0.062142730 0.733069837 -0.990272999 -0.023805743 0.137086242 8.082100868
0.118224800 -0.057788420 0.991303802 18.820579529 -0.017819837 0.998020887 0.060305223 0.769932628 -0.992826879 -0.024794443 0.116961047 8.171802521
0.092624620 -0.056203112 0.994113564 19.650163651 -0.022208229 0.998040617 0.058494352 0.806197882 -0.995453358 -0.027495515 0.091194972 8.248492241
0.061727006 -0.055948403 0.996523678 20.500989914 -0.025998786 0.997998714 0.057641640 0.836698711 -0.997754395 -0.029466450 0.060148880 8.305097580
0.027894780 -0.055807807 0.998051822 21.343215942 -0.029524321 0.997958720 0.056627776 0.871207476 -0.999174774 -0.031046420 0.026190154 8.332488060
-0.006123133 -0.055324059 0.998449683 22.176322937 -0.030227736 0.998022258 0.055115003 0.899270177 -0.999524236 -0.029843392 -0.007783353 8.313600540
-0.040306687 -0.054065716 0.997723639 23.022010803 -0.031984463 0.998093069 0.052793615 0.928731322 -0.998675227 -0.029783713 -0.041959081 8.277389526
-0.072950967 -0.052431315 0.995956481 23.863748550 -0.032966167 0.998198211 0.050134659 0.951218307 -0.996790469 -0.029175490 -0.074547976 8.203788757
-0.105387159 -0.049493644 0.993198752 24.730226517 -0.036881108 0.998267949 0.045832850 0.979152918 -0.993747115 -0.031800076 -0.107029997 8.120418549
-0.137731537 -0.045034748 0.989445210 25.571598053 -0.033869669 0.998595715 0.040736552 0.998954296 -0.989890337 -0.027901476 -0.139063448 7.988027573
-0.169688240 -0.038926467 0.984728634 26.403594971 -0.028670684 0.998991728 0.034549750 1.016420484 -0.985080659 -0.022370160 -0.170633197 7.832514286
-0.199471533 -0.032572761 0.979362011 27.240076065 -0.021649877 0.999349952 0.028828001 1.027862430 -0.979664385 -0.015452705 -0.200047076 7.640748501
-0.228459343 -0.026830507 0.973183692 28.066272736 -0.015960960 0.999589145 0.023811586 1.030947924 -0.973422587 -0.010092966 -0.228793696 7.437335968
-0.256592661 -0.020738292 0.966297150 28.884597778 -0.007359728 0.999782562 0.019502632 1.033424735 -0.966491640 -0.002107452 -0.256689548 7.203097343
-0.282085240 -0.010369462 0.959333420 29.682891846 -0.000918551 0.999944031 0.010538332 1.024111509 -0.959388912 0.002091511 -0.282079011 6.942126274
-0.307587951 0.005511926 0.951503634 30.473526001 0.003692903 0.999982476 -0.004598971 1.013276458 -0.951512516 0.002099223 -0.307602972 6.672718048
-0.331995696 0.022391107 0.943015039 31.249170303 0.004004246 0.999742687 -0.022328330 0.990499854 -0.943272352 -0.003636847 -0.331999928 6.388877869
-0.357326865 0.037187222 0.933238804 32.017601013 0.004439212 0.999263465 -0.038118411 0.956331372 -0.933968842 -0.009477887 -0.357228756 6.088631630
-0.381632805 0.047604106 0.923087299 32.774589539 0.008196343 0.998807907 -0.048120439 0.911873341 -0.924277723 -0.010798397 -0.381568044 5.763133049
-0.404922605 0.051800791 0.912882388 33.528053284 0.010973198 0.998597443 -0.051797282 0.863756895 -0.914285123 -0.010956652 -0.404923081 5.423632622
-0.427687734 0.051506232 0.902457893 34.281707764 0.014754177 0.998640001 -0.050003450 0.808483362 -0.903806090 -0.008070836 -0.427866101 5.058738708
-0.447439611 0.047193445 0.893068075 35.019294739 0.018424669 0.998881102 -0.043554038 0.751415730 -0.894124329 -0.003033320 -0.447808564 4.668580055
-0.465300590 0.046149544 0.883948863 35.744235992 0.026719017 0.998917162 -0.038087271 0.698872924 -0.884749353 0.005896215 -0.466029763 4.270432472
-0.478909075 0.046166595 0.876649737 36.453010559 0.028038332 0.998911142 -0.037287999 0.652458549 -0.877416670 0.006722239 -0.479681998 3.876444817
-0.489743590 0.050399262 0.870408595 37.149528503 0.031882197 0.998695314 -0.039888635 0.607415438 -0.871283472 0.008215339 -0.490711480 3.470386505
-0.499659956 0.052875735 0.864606321 37.841804504 0.032669682 0.998575389 -0.042188775 0.560862660 -0.865605354 0.007166364 -0.500675559 3.062571526
-0.510601580 0.052210804 0.858230770 38.530090332 0.026766246 0.998636127 -0.044827923 0.509710789 -0.859400690 0.000082408 -0.511302650 2.662441254
-0.521616220 0.050678104 0.851673782 39.232608795 0.025811588 0.998714685 -0.043619074 0.463223577 -0.852789700 -0.000769365 -0.522253871 2.236379623
-0.530184269 0.051882941 0.846293509 39.905960083 0.027938161 0.998652995 -0.043720864 0.416723847 -0.847422063 0.000463773 -0.530919611 1.806274414
-0.537401378 0.055194169 0.841518521 40.588214874 0.031175803 0.998474181 -0.045579545 0.369454622 -0.842750192 0.001740507 -0.538302004 1.365564346
-0.540771127 0.057943877 0.839171648 41.278182983 0.032407064 0.998319030 -0.048049375 0.321648002 -0.840545237 0.001211381 -0.541739941 0.917762756
-0.540513635 0.060210615 0.839178026 41.980834961 0.032158602 0.998185456 -0.050906014 0.273408532 -0.840720356 -0.000528598 -0.541469157 0.466503143
-0.536956906 0.060624503 0.841428459 42.703720093 0.033999883 0.998159289 -0.050219879 0.228265405 -0.842924178 0.001642559 -0.538029790 0.002065659
-0.531334996 0.059268359 0.845086038 43.440788269 0.032651875 0.998241186 -0.049480215 0.165826082 -0.846532285 0.001303074 -0.532335699 -0.454751968
-0.524314582 0.057835829 0.849558234 44.198493958 0.030530466 0.998326063 -0.049121346 0.114773512 -0.850977123 0.000182371 -0.525202692 -0.914054871
-0.516893566 0.057385877 0.854124010 44.967964172 0.028814336 0.998351455 -0.049638376 0.063314557 -0.855564535 -0.001046743 -0.517695069 -1.376678467
-0.511175931 0.055738762 0.857666790 45.760955811 0.025658129 0.998439729 -0.049594995 0.007363677 -0.859093010 -0.003345643 -0.511808515 -1.832883835
-0.506489158 0.053498823 0.860585153 46.564033508 0.021389904 0.998545706 -0.049486421 -0.046357155 -0.861980975 -0.006656502 -0.506896973 -2.303770065
-0.505169272 0.050808571 0.861523390 47.390605927 0.017294779 0.998661101 -0.048755199 -0.101989746 -0.862847030 -0.009729776 -0.505371630 -2.776050568
-0.505765021 0.048238810 0.861321449 48.221473694 0.014346179 0.998767614 -0.047512524 -0.161561131 -0.862551987 -0.011673507 -0.505833745 -3.250930786
-0.506888568 0.047184877 0.860719264 49.065109253 0.013419158 0.998811722 -0.046852436 -0.220540762 -0.861907065 -0.012198837 -0.506919444 -3.738344193
-0.507100880 0.046416540 0.860635936 49.932704926 0.012863289 0.998845160 -0.046291292 -0.274193048 -0.861790717 -0.012403747 -0.507112324 -4.249464035
-0.507392704 0.045971625 0.860487819 50.800498962 0.013066686 0.998871624 -0.045659926 -0.331634879 -0.861615837 -0.011923795 -0.507420957 -4.756547928
-0.507556796 0.044914763 0.860446930 51.677291870 0.012805591 0.998923421 -0.044589434 -0.389520288 -0.861523092 -0.011613143 -0.507585347 -5.266431808
-0.507474899 0.044796154 0.860501289 52.562530518 0.012942811 0.998931348 -0.044369642 -0.449652076 -0.861569226 -0.011379173 -0.507512450 -5.786577225
-0.507679760 0.043269318 0.860458612 53.456638336 0.010669043 0.998977244 -0.043940064 -0.506585121 -0.861479759 -0.013127208 -0.507622123 -6.312036514
-0.507891476 0.042318963 0.860380948 54.333869934 0.009871119 0.999012887 -0.043310747 -0.568382978 -0.861364543 -0.013504230 -0.507807851 -6.815977097
-0.507320344 0.041650832 0.860750377 55.226928711 0.009010979 0.999033153 -0.043031175 -0.631726384 -0.861710489 -0.014074384 -0.507205069 -7.335561752
-0.505864024 0.040156193 0.861678064 56.111190796 0.008712750 0.999102771 -0.041445524 -0.691285133 -0.862569273 -0.013458214 -0.505760014 -7.855703354
-0.503531635 0.037959222 0.863142550 56.995315552 0.009217847 0.999213517 -0.038565926 -0.753678203 -0.863927722 -0.011462847 -0.503485501 -8.371305466
-0.501368701 0.036524408 0.864462495 57.882690430 0.009302480 0.999278426 -0.036825277 -0.811471939 -0.865183711 -0.010421403 -0.501346707 -8.875715256
-0.499035031 0.036283176 0.865821898 58.769706726 0.009335460 0.999290228 -0.036495615 -0.866313815 -0.866531491 -0.010129748 -0.499019563 -9.380720139
-0.496921122 0.036387123 0.867032528 59.654510498 0.009408832 0.999287724 -0.036545057 -0.924392700 -0.867744744 -0.010002249 -0.496909499 -9.883991241
-0.495862991 0.037228256 0.867602348 60.532138824 0.009590482 0.999254525 -0.037396085 -0.977373958 -0.868347824 -0.010222608 -0.495850325 -10.386779785
-0.496625125 0.038764097 0.867099106 61.406215668 0.009457458 0.999184608 -0.039252341 -1.035081506 -0.867913723 -0.011293146 -0.496586710 -10.883480072
-0.499730766 0.040461618 0.865235209 62.276931763 0.007826548 0.999078572 -0.042200278 -1.094704747 -0.866145432 -0.014316969 -0.499586910 -11.374742508
-0.504034758 0.040923063 0.862713218 63.161201477 0.006400929 0.999026358 -0.043649424 -1.153513432 -0.863659680 -0.016478667 -0.503806114 -11.892215729
-0.509539366 0.039619196 0.859534740 64.023567200 0.008011618 0.999114573 -0.041303609 -1.213309526 -0.860410154 -0.014159549 -0.509405613 -12.400514603
-0.514929175 0.037245743 0.856423199 64.877899170 0.008953067 0.999234796 -0.038073521 -1.270760417 -0.857185900 -0.011937555 -0.514868677 -12.913589478
-0.520528197 0.034613397 0.853142619 65.751510620 0.006240014 0.999305427 -0.036736250 -1.332803726 -0.853821635 -0.013798632 -0.520382702 -13.430213928
-0.525693119 0.037920486 0.849828720 66.598541260 0.008854462 0.999195695 -0.039108191 -1.391025662 -0.850628197 -0.013034131 -0.525606096 -13.948728561
-0.530659854 0.039828550 0.846648574 67.439941406 0.008851075 0.999101281 -0.041452676 -1.439103842 -0.847538650 -0.014503520 -0.530535460 -14.471717834
-0.535560489 0.040780846 0.843511701 68.264373779 0.007620338 0.999026120 -0.043461144 -1.496014953 -0.844462395 -0.016848229 -0.535349727 -14.983257294
-0.538838863 0.040974405 0.841411829 69.073287964 0.006834212 0.998996079 -0.044271708 -1.557739258 -0.842381001 -0.018104928 -0.538577914 -15.508874893
-0.542276502 0.040696155 0.839213908 69.887634277 0.008320241 0.999037385 -0.043070197 -1.614428043 -0.840158820 -0.016373493 -0.542093039 -16.030248642
-0.544270396 0.033652581 0.838234663 70.711502075 0.008683303 0.999367535 -0.034483466 -1.663372993 -0.838864863 -0.011489684 -0.544218361 -16.566926956
-0.546891630 0.024275143 0.836851418 71.530220032 0.006896891 0.999676228 -0.024491129 -1.719197512 -0.837175012 -0.007622320 -0.546881974 -17.094560623
-0.548656523 0.023056775 0.835729957 72.343032837 0.008056709 0.999718964 -0.022291811 -1.761083841 -0.836009145 -0.005497313 -0.548688054 -17.623184204
-0.549609661 0.027705235 0.834962189 73.135505676 0.008525132 0.999583900 -0.027555998 -1.806796908 -0.835378051 -0.008026878 -0.549617171 -18.140579224
-0.551350117 0.033484869 0.833601713 73.937538147 0.009434295 0.999380589 -0.033904109 -1.851483583 -0.834220648 -0.010828592 -0.551324427 -18.655445099
-0.550855279 0.037604265 0.833753288 74.712081909 0.015708832 0.999274611 -0.034690954 -1.898714900 -0.834452927 -0.006012404 -0.551046312 -19.193769455
-0.550473213 0.039174117 0.833933294 75.501976013 0.019340003 0.999228835 -0.034172703 -1.948559999 -0.834628880 -0.002682884 -0.550806344 -19.728565216
-0.550371587 0.035720825 0.834155440 76.304794312 0.017465895 0.999358296 -0.031271361 -1.990123868 -0.834737241 -0.002641598 -0.550642312 -20.246393204
-0.549674451 0.030938838 0.834805787 77.094924927 0.015798783 0.999520183 -0.026640689 -2.027688265 -0.835229456 -0.001454795 -0.549899638 -20.766124725
-0.549358964 0.023578860 0.835253716 77.882064819 0.013303216 0.999721825 -0.019471997 -2.082054615 -0.835480571 0.000414442 -0.549519897 -21.262559891
-0.548854470 0.018467052 0.835713923 78.702133179 0.004384732 0.999805808 -0.019213375 -2.105865479 -0.835906446 -0.006880965 -0.548828840 -21.785442352
-0.547191679 0.013317628 0.836901367 79.498062134 -0.003374301 0.999830186 -0.018116536 -2.133008957 -0.837000549 -0.012737174 -0.547053754 -22.288602829
-0.544819653 0.014457557 0.838428676 80.280929565 0.000347099 0.999855161 -0.017015584 -2.167663574 -0.838553250 -0.008979408 -0.544745743 -22.805284500
-0.542260468 0.017311703 0.840032041 81.062622070 0.004760205 0.999834955 -0.017532157 -2.212390900 -0.840197027 -0.005508270 -0.542253256 -23.298324585
-0.537045300 0.020279773 0.843309641 81.867103577 0.006133396 0.999778509 -0.020136572 -2.237508059 -0.843531251 -0.005641899 -0.537050664 -23.804302216
-0.528567672 0.022951253 0.848580837 82.656219482 0.011763822 0.999736428 -0.019712003 -2.274051189 -0.848809659 -0.000436575 -0.528698385 -24.317874908
-0.520300806 0.026275069 0.853578627 83.447273254 0.019200502 0.999633789 -0.019067260 -2.313113928 -0.853767097 0.006468426 -0.520614862 -24.810575485
-0.511223614 0.025344560 0.859073997 84.249534607 0.015850810 0.999673069 -0.020059934 -2.338437080 -0.859301507 0.003361905 -0.511458218 -25.271739960
-0.500053883 0.022846350 0.865692794 85.073974609 0.013136458 0.999737024 -0.018795820 -2.367418289 -0.865894556 0.001973215 -0.500222504 -25.739925385
-0.488930404 0.019490372 0.872105002 85.875999451 0.013401041 0.999800205 -0.014831127 -2.402970076 -0.872219801 0.004435726 -0.489093900 -26.174228668
-0.477768004 0.018906778 0.878282547 86.668357849 0.012817143 0.999812007 -0.014550673 -2.429000854 -0.878392518 0.004305226 -0.477920502 -26.605276108
-0.466071546 0.018374071 0.884556234 87.487236023 0.013159030 0.999817789 -0.013834812 -2.451348305 -0.884649158 0.005191890 -0.466228306 -27.028678894
-0.454285592 0.019359382 0.890645802 88.303024292 0.014200581 0.999794245 -0.014488675 -2.480276585 -0.890742898 0.006065691 -0.454466939 -27.437929153
-0.441842109 0.022786682 0.896803319 89.130828857 0.013480420 0.999733210 -0.018760391 -2.521158218 -0.896991551 0.003800156 -0.442031354 -27.844753265
-0.430681050 0.032204401 0.901929438 89.952217102 0.016229169 0.999477863 -0.027937872 -2.553803682 -0.902358294 0.002605251 -0.430978835 -28.233535767
-0.418141335 0.036699791 0.907640278 90.777984619 0.015753070 0.999326289 -0.033149760 -2.589532137 -0.908245265 0.000436836 -0.418437779 -28.606193542
-0.406680882 0.033214998 0.912966251 91.610816956 0.014453961 0.999447763 -0.029922798 -2.634421349 -0.913455904 0.001026949 -0.406936377 -28.968517303
-0.395600975 0.029036215 0.917963326 92.456466675 0.011268292 0.999578357 -0.026761660 -2.674355507 -0.918353379 -0.000243062 -0.395761400 -29.320669174
-0.384970516 0.029542964 0.922455847 93.316749573 0.007706857 0.999555528 -0.028795872 -2.719167948 -0.922896624 -0.003976326 -0.385027111 -29.686689377
-0.378051072 0.033937953 0.925162494 94.154869080 0.002820879 0.999365389 -0.035507262 -2.765697479 -0.925780475 -0.010813786 -0.377906919 -30.015367508
-0.373299986 0.038868442 0.926896036 94.997062683 -0.003029860 0.999065578 -0.043115046 -2.809209108 -0.927705705 -0.018903211 -0.372833371 -30.336887360
-0.369863778 0.040988319 0.928181410 95.848999023 -0.005850352 0.998903811 -0.046442669 -2.864007473 -0.929067552 -0.022607651 -0.369218618 -30.672142029
-0.365890741 0.040679920 0.929768324 96.687774658 -0.007150226 0.998891771 -0.046518084 -2.920196533 -0.930630326 -0.023668593 -0.365194440 -30.997545242
-0.361604005 0.040652987 0.931445062 97.520256042 -0.008648812 0.998859644 -0.046952929 -2.973795891 -0.932291687 -0.025034262 -0.360840023 -31.305067062
-0.355561793 0.036445446 0.933941960 98.369979858 -0.011493296 0.998993397 -0.043359585 -3.026093006 -0.934582114 -0.026151087 -0.354785025 -31.626352310
-0.350207686 0.032523409 0.936107218 99.224090576 -0.010914819 0.999187469 -0.038798373 -3.083622456 -0.936608493 -0.023804927 -0.349568039 -31.939252853
-0.344405830 0.029596090 0.938354254 100.065101624 -0.013135053 0.999253213 -0.036337860 -3.132783413 -0.938729048 -0.024840303 -0.343759894 -32.239780426
-0.338734925 0.027505470 0.940479696 100.931243896 -0.021281956 0.999092937 -0.036884859 -3.187265873 -0.940641165 -0.032509439 -0.337842286 -32.533893585
-0.332583964 0.027876507 0.942661583 101.774215698 -0.027613072 0.998846650 -0.039280292 -3.233587503 -0.942669332 -0.039093785 -0.331430614 -32.812229156
-0.325952560 0.031909663 0.944847524 102.615715027 -0.025476148 0.998770773 -0.042519514 -3.285925627 -0.945042789 -0.037930418 -0.324738950 -33.095500946
-0.319205284 0.035276927 0.947028816 103.466606140 -0.024278400 0.998674631 -0.045384012 -3.334216595 -0.947374582 -0.037479162 -0.317925751 -33.376667023
-0.312607616 0.033523098 0.949290633 104.329216003 -0.025592282 0.998717070 -0.043696243 -3.384689808 -0.949537516 -0.037954297 -0.311348647 -33.651653290
-0.305507332 0.028640943 0.951758921 105.172103882 -0.026990745 0.998885393 -0.038722925 -3.432626247 -0.951807141 -0.037518822 -0.304393709 -33.916011810
-0.298608899 0.025922373 0.954023421 106.032638550 -0.027818397 0.998969853 -0.035850786 -3.485234499 -0.953970075 -0.037244767 -0.297580153 -34.176120758
-0.292191625 0.029198132 0.955913961 106.891822815 -0.030391842 0.998745501 -0.039796200 -3.528291702 -0.955876768 -0.040680096 -0.290937692 -34.426372528
-0.285822421 0.031892885 0.957751632 107.746688843 -0.029753104 0.998668790 -0.042134658 -3.580207109 -0.957820535 -0.040539116 -0.284493089 -34.675502777
-0.279079974 0.032382064 0.959721625 108.603424072 -0.031790122 0.998571813 -0.042937245 -3.629597187 -0.959741533 -0.042492587 -0.277651995 -34.912929535
-0.272228301 0.031970575 0.961701393 109.461212158 -0.032378964 0.998577535 -0.042361975 -3.681947231 -0.961687684 -0.042671029 -0.270805925 -35.149623871
-0.263841748 0.031596046 0.964048326 110.320266724 -0.028699625 0.998763680 -0.040588360 -3.734271765 -0.964138925 -0.038376730 -0.262608767 -35.387199402
-0.256459802 0.033028331 0.965990365 111.177093506 -0.025528925 0.998835862 -0.040929001 -3.783831358 -0.966217697 -0.035157334 -0.255318016 -35.609943390
-0.249656901 0.033355277 0.967759728 112.036293030 -0.024338001 0.998874664 -0.040706277 -3.834325790 -0.968028367 -0.033715930 -0.248564169 -35.828372955
-0.243139997 0.032183792 0.969457150 112.904418945 -0.030394256 0.998705864 -0.040777665 -3.882969856 -0.969514906 -0.039380603 -0.241847128 -36.027717590
-0.237259790 0.030288069 0.970973969 113.771614075 -0.035320539 0.998584032 -0.039779983 -3.932161331 -0.970803916 -0.043733530 -0.235854030 -36.228355408
-0.232884869 0.030333217 0.972031236 114.649917603 -0.032900915 0.998695493 -0.039047897 -3.981804132 -0.971947670 -0.041074377 -0.231583074 -36.431228638
-0.228635475 0.030507673 0.973034084 115.514938354 -0.031448144 0.998755813 -0.038703557 -4.032711983 -0.973004043 -0.039449114 -0.227391571 -36.622661591
-0.223329291 0.032353871 0.974205971 116.388404846 -0.029809577 0.998754799 -0.040002771 -4.081816673 -0.974287093 -0.037974454 -0.222086743 -36.828109741
-0.217283085 0.031106962 0.975612819 117.249404907 -0.023510195 0.999035358 -0.037089836 -4.132324696 -0.975825489 -0.030995842 -0.216342121 -37.021659851
-0.211792499 0.030077821 0.976851702 118.125160217 -0.016425667 0.999275565 -0.034329537 -4.175771236 -0.977176666 -0.023316180 -0.211145014 -37.220642090
-0.206995055 0.029618062 0.977893531 118.998695374 -0.014494973 0.999339044 -0.033335809 -4.222816944 -0.978234649 -0.021074884 -0.206428930 -37.399963379
-0.202733994 0.030826589 0.978748441 119.869544983 -0.016658012 0.999251187 -0.034922808 -4.267674923 -0.979092121 -0.023384046 -0.202068686 -37.575160980
-0.199344516 0.032348987 0.979395390 120.757888794 -0.018649271 0.999148726 -0.036797274 -4.314461231 -0.979751945 -0.025600346 -0.198571548 -37.750362396
-0.197378829 0.031956475 0.979806304 121.626457214 -0.021317158 0.999092340 -0.036879767 -4.358133316 -0.980095506 -0.028165970 -0.196518466 -37.917808533
-0.196916282 0.030807452 0.979936182 122.501304626 -0.021707885 0.999124169 -0.035772845 -4.403110981 -0.980180025 -0.028316597 -0.196075052 -38.078376770
-0.195842654 0.026023563 0.980289996 123.375480652 -0.020516347 0.999320269 -0.030627519 -4.448925018 -0.980420709 -0.026110144 -0.195175618 -38.252372742
-0.194902778 0.021228913 0.980592787 124.248123169 -0.021666462 0.999428570 -0.025943121 -4.490568161 -0.980583251 -0.026302362 -0.194331422 -38.421848297
-0.194223255 0.019360133 0.980766296 125.116737366 -0.021142399 0.999490321 -0.023916617 -4.530354977 -0.980729520 -0.025380915 -0.193714932 -38.588104248
-0.192908198 0.023516448 0.980934978 125.969520569 -0.021629317 0.999367893 -0.028211918 -4.574719429 -0.980978370 -0.026659263 -0.192277640 -38.752471924
-0.192711264 0.027277000 0.980876327 126.851478577 -0.021131570 0.999266386 -0.031940095 -4.615621567 -0.981028020 -0.026882675 -0.191993505 -38.924037933
-0.192794427 0.026801895 0.980872989 127.680778503 -0.024039451 0.999197781 -0.032027666 -4.650741577 -0.980944574 -0.029754404 -0.191995457 -39.076038361
-0.192563042 0.025445748 0.980954528 128.533416748 -0.026040412 0.999179184 -0.031030267 -4.698238373 -0.980939031 -0.031519745 -0.191742361 -39.232955933
-0.191580668 0.026772182 0.981111646 129.372894287 -0.021454228 0.999274731 -0.031457163 -4.739163876 -0.981242299 -0.027075576 -0.190867364 -39.400699615
-0.189912587 0.028747976 0.981380045 130.223953247 -0.023444034 0.999153316 -0.033805415 -4.782937527 -0.981521010 -0.029427579 -0.189077854 -39.571521759
-0.190820396 0.029966937 0.981167316 131.062011719 -0.030154755 0.998883247 -0.036372598 -4.829380035 -0.981161714 -0.036527500 -0.189703614 -39.711669922
-0.189875960 0.031234656 0.981311083 131.896591187 -0.036145601 0.998593807 -0.038778648 -4.876255989 -0.981142581 -0.042833216 -0.188479945 -39.862743378
-0.189481869 0.035144623 0.981255114 132.724090576 -0.032476898 0.998588085 -0.042036757 -4.923650742 -0.981347024 -0.039833322 -0.188072965 -40.018951416
-0.189363509 0.036262706 0.981237233 133.537948608 -0.030666193 0.998611867 -0.042822912 -4.974507332 -0.981428087 -0.038199913 -0.187988624 -40.169528961
-0.187495321 0.037224181 0.981559992 134.359405518 -0.032028664 0.998518586 -0.043985359 -5.021534920 -0.981743157 -0.039685100 -0.186025351 -40.321838379
-0.185600549 0.036952406 0.981930196 135.185073853 -0.023052568 0.998853862 -0.041946582 -5.069787025 -0.982354820 -0.030421315 -0.184535950 -40.482276917
-0.181851909 0.033661209 0.982749641 136.002624512 -0.016781289 0.999162138 -0.037328649 -5.120517254 -0.983182728 -0.023280092 -0.181134656 -40.643501282
-0.179828703 0.028498542 0.983285069 136.817123413 -0.013407119 0.999416411 -0.031418048 -5.167900085 -0.983606577 -0.018832881 -0.179341674 -40.794281006
-0.176091820 0.028303960 0.983966708 137.625854492 -0.011083440 0.999466300 -0.030733304 -5.209758282 -0.984311283 -0.016317619 -0.175684139 -40.939071655
-0.170967400 0.033199463 0.984717250 138.425476074 -0.009889153 0.999323905 -0.035408892 -5.256016731 -0.985227048 -0.015791783 -0.170523494 -41.080074310
-0.164428711 0.036438935 0.985715687 139.221252441 -0.009139971 0.999218225 -0.038462743 -5.297115326 -0.986346602 -0.015333790 -0.163967103 -41.209182739
-0.156488448 0.037480991 0.986968398 140.019866943 -0.008995915 0.999184132 -0.039371245 -5.333294868 -0.987638772 -0.015039829 -0.156023592 -41.328002930
-0.146999612 0.032968793 0.988586962 140.821777344 -0.007961305 0.999372542 -0.034512307 -5.374327183 -0.989104509 -0.012943737 -0.146644935 -41.443260193
-0.135078400 0.031553671 0.990332305 141.614501953 -0.004526123 0.999462664 -0.032461926 -5.417432308 -0.990824580 -0.008867269 -0.134863019 -41.550315857
-0.121197440 0.034188367 0.992039502 142.405685425 -0.000212178 0.999405742 -0.034468155 -5.456418991 -0.992628336 -0.004387941 -0.121118158 -41.648624420
-0.107023217 0.035341091 0.993628204 143.192794800 -0.000852169 0.999364495 -0.035636902 -5.495140553 -0.994256198 -0.004660714 -0.106925078 -41.728530884
-0.093046352 0.035328142 0.995034814 143.980377197 0.000248915 0.999371111 -0.035458833 -5.535902023 -0.995661855 -0.003051636 -0.092996627 -41.799110413
-0.079606004 0.036982246 0.996140122 144.762588501 0.001001161 0.999313951 -0.037020080 -5.579370022 -0.996825933 -0.001949724 -0.079588413 -41.855682373
-0.065917350 0.043034103 0.996896625 145.532638550 -0.001781865 0.999062896 -0.043245431 -5.630626678 -0.997823477 -0.004626960 -0.065778896 -41.897682190
-0.053205810 0.052283481 0.997213900 146.296203613 -0.008845968 0.998564601 -0.052826256 -5.675754547 -0.998544395 -0.011631987 -0.052666936 -41.922389984
-0.039698415 0.060184125 0.997397661 147.061828613 -0.013179684 0.998066068 -0.060749050 -5.724553108 -0.999124765 -0.015557026 -0.038828436 -41.936401367
-0.026633665 0.060882211 0.997789502 147.826889038 -0.013968699 0.998023510 -0.061269358 -5.776386261 -0.999547601 -0.015569648 -0.025730584 -41.948009491
-0.014494070 0.057352819 0.998248696 148.599685669 -0.017972086 0.998177350 -0.057609670 -5.829562187 -0.999733448 -0.018775612 -0.013436904 -41.950332642
-0.003993787 0.054804299 0.998489201 149.363739014 -0.021904172 0.998252690 -0.054878931 -5.889167786 -0.999752045 -0.022090252 -0.002786367 -41.938068390
0.004746713 0.061037071 0.998124182 150.119903564 -0.025683368 0.997813642 -0.060895942 -5.951504230 -0.999658823 -0.025346130 0.006303973 -41.920944214
0.011677219 0.069052309 0.997544765 150.865447998 -0.028911293 0.997218966 -0.068691321 -6.006188393 -0.999513745 -0.028038187 0.013641136 -41.903888702
0.014774219 0.071831174 0.997307360 151.618286133 -0.031610351 0.996951222 -0.071337245 -6.062332630 -0.999391198 -0.030471288 0.016999783 -41.887123108
0.014626683 0.067276411 0.997627079 152.372787476 -0.033979155 0.997191012 -0.066748813 -6.122559071 -0.999315500 -0.032922212 0.016871588 -41.867347717
0.013048396 0.062861003 0.997936964 153.128646851 -0.035889730 0.997408330 -0.062358432 -6.191087723 -0.999270558 -0.035002016 0.015270642 -41.852870941
0.009650743 0.059955772 0.998154342 153.879730225 -0.035788108 0.997582018 -0.059575371 -6.242359161 -0.999312818 -0.035147108 0.011773113 -41.840099335
0.007160347 0.060370438 0.998150349 154.624069214 -0.033770248 0.997621238 -0.060096178 -6.294214249 -0.999404073 -0.033277482 0.009182040 -41.837512970
0.003003945 0.060304031 0.998175621 155.365158081 -0.032499142 0.997658610 -0.060174998 -6.352031231 -0.999467313 -0.032259088 0.004956742 -41.828235626
-0.000966225 0.059344612 0.998237073 156.111221313 -0.032084387 0.997721791 -0.059345040 -6.405528069 -0.999484718 -0.032085158 0.000940011 -41.832580566
-0.006056801 0.059612475 0.998203218 156.850982666 -0.032762766 0.997673869 -0.059779666 -6.456070900 -0.999444783 -0.033065971 -0.004089642 -41.835414886
-0.012281676 0.057785235 0.998253465 157.587570190 -0.034220293 0.997719646 -0.058175359 -6.508959770 -0.999338925 -0.034875017 -0.010276243 -41.834995270
-0.017817412 0.055182803 0.998317242 158.341308594 -0.031217158 0.997958302 -0.055720098 -6.569643021 -0.999353826 -0.032157410 -0.016058382 -41.856872559
-0.022864424 0.055050079 0.998221755 159.076400757 -0.031911559 0.997933805 -0.055765137 -6.620734692 -0.999229133 -0.033129860 -0.021060446 -41.874626160
-0.028770309 0.056915741 0.997964382 159.797546387 -0.034212571 0.997736573 -0.057889070 -6.667612076 -0.999000430 -0.035808410 -0.026757956 -41.881523132
-0.032791447 0.058719326 0.997735798 160.521652222 -0.033637732 0.997642279 -0.059819356 -6.729100227 -0.998896003 -0.035523135 -0.030738957 -41.899909973
-0.035463411 0.060832269 0.997517765 161.239959717 -0.033426728 0.997514904 -0.062020473 -6.784841061 -0.998811722 -0.035543215 -0.033341862 -41.923072815
-0.036070269 0.062107150 0.997417450 161.958984375 -0.030495083 0.997533679 -0.063217208 -6.840775967 -0.998883903 -0.032696597 -0.034087349 -41.958198547
-0.035856716 0.060797755 0.997505844 162.687530518 -0.027783198 0.997701287 -0.061808374 -6.894538879 -0.998970628 -0.029930154 -0.034085128 -41.980461121
-0.031733885 0.056855738 0.997877955 163.400207520 -0.024725005 0.998030603 -0.057650730 -6.950836182 -0.999190509 -0.026502015 -0.030265637 -42.004707336
-0.024239451 0.056655582 0.998099506 164.101058960 -0.023959909 0.998073161 -0.057235964 -7.006345272 -0.999419093 -0.025301743 -0.022835283 -42.017799377
-0.013030564 0.057751857 0.998245895 164.798187256 -0.021424461 0.998085380 -0.058022227 -7.056701660 -0.999685526 -0.022142943 -0.011768308 -42.020362854
0.001138624 0.057842121 0.998324990 165.488998413 -0.019481355 0.998137593 -0.057809036 -7.107004166 -0.999809623 -0.019382901 0.002263352 -42.013217926
0.016616259 0.055771269 0.998305261 166.170227051 -0.019941052 0.998263001 -0.055436999 -7.154157162 -0.999662995 -0.018986102 0.017699530 -41.998561859
0.032380551 0.050811749 0.998183191 166.852600098 -0.024930332 0.998437285 -0.050015952 -7.201651573 -0.999164701 -0.023265494 0.033596694 -41.956623077
0.049007569 0.044022810 0.997827709 167.537368774 -0.026044369 0.998744786 -0.042784117 -7.246594429 -0.998458743 -0.023891043 0.050092600 -41.911727905
0.066219561 0.037285585 0.997108221 168.214752197 -0.027104428 0.999000013 -0.035556279 -7.280519485 -0.997436881 -0.024671525 0.067163959 -41.853843689
0.083457589 0.029695030 0.996068895 168.891311646 -0.026890719 0.999259055 -0.027537042 -7.317199707 -0.996148467 -0.024486832 0.084194265 -41.789089203
0.100431904 0.023996595 0.994654536 169.553833008 -0.028793197 0.999360442 -0.021202829 -7.348789215 -0.994527221 -0.026509840 0.101058610 -41.707691193
0.118239194 0.021420829 0.992754042 170.206329346 -0.030040020 0.999386787 -0.017986111 -7.379709721 -0.992530644 -0.027695686 0.118810192 -41.615715027
0.136347488 0.020336393 0.990452290 170.847961426 -0.028792031 0.999448299 -0.016557541 -7.400309086 -0.990242600 -0.026259551 0.136857763 -41.519180298
0.153425932 0.019742386 0.987962902 171.485260010 -0.029515246 0.999445915 -0.015388270 -7.419042110 -0.987719238 -0.026799008 0.153923616 -41.404033661
0.169078350 0.018824475 0.985422850 172.115646362 -0.034905657 0.999304771 -0.013100567 -7.437782764 -0.984984338 -0.032181807 0.169617862 -41.271671295
0.184286028 0.015003518 0.982758105 172.734573364 -0.036168680 0.999309719 -0.008473883 -7.458497047 -0.982206941 -0.033983443 0.184701473 -41.150077820
0.196191221 0.011140421 0.980502427 173.359664917 -0.032950033 0.999445617 -0.004762597 -7.474102020 -0.980011821 -0.031373199 0.196449578 -41.017467499
0.206918955 0.010242230 0.978304625 173.977752686 -0.030853687 0.999516249 -0.003938511 -7.490124226 -0.977871597 -0.029369339 0.207134888 -40.881858826
0.216895342 0.013918186 0.976095676 174.580123901 -0.035443820 0.999351263 -0.006373920 -7.509634018 -0.975551188 -0.033214085 0.217247993 -40.734081268
0.225494459 0.021328408 0.974011004 175.168334961 -0.040459897 0.999102771 -0.012510938 -7.529750824 -0.973403990 -0.036587235 0.226155132 -40.575614929
0.234613463 0.030810522 0.971600354 175.751968384 -0.039893832 0.998960733 -0.022044938 -7.547136784 -0.971269786 -0.033588823 0.235598788 -40.432472229
0.242893875 0.036545407 0.969364226 176.344604492 -0.035106707 0.998966694 -0.028864732 -7.565177917 -0.969417453 -0.027020121 0.243925884 -40.285430908
0.249370918 0.034623303 0.967788935 176.943695068 -0.033746094 0.999064386 -0.027046826 -7.582386017 -0.967819870 -0.025914403 0.250306010 -40.126922607
0.255420238 0.027306555 0.966444492 177.544174194 -0.036816396 0.999150813 -0.018500507 -7.600417137 -0.966128826 -0.030855604 0.256208658 -39.958602905
0.259191513 0.016895242 0.965678155 178.167144775 -0.040512752 0.999157190 -0.006607214 -7.618462563 -0.964975893 -0.037409749 0.259657532 -39.770198822
0.261619776 0.008980800 0.965129137 178.772750854 -0.040995814 0.999157608 0.001815385 -7.637590408 -0.964299917 -0.040041205 0.261767626 -39.604885101
0.262161553 0.008021513 0.964990616 179.377349854 -0.038504951 0.999256074 0.002154396 -7.656493187 -0.964255571 -0.037721727 0.262275368 -39.433509827
0.263556361 0.009897055 0.964593232 179.983001709 -0.033901334 0.999424696 -0.000991559 -7.664449215 -0.964048088 -0.032439664 0.263740212 -39.278545380
0.265890568 0.009313920 0.963958204 180.589904785 -0.030347692 0.999538600 -0.001286835 -7.671563148 -0.963525414 -0.028911751 0.266050547 -39.119995117
0.267251581 0.007292130 0.963599205 181.198043823 -0.032593235 0.999467611 0.001476074 -7.672765732 -0.963075399 -0.031801295 0.267346978 -38.941066742
0.270068914 0.003652409 0.962834060 181.808471680 -0.033121772 0.999436200 0.005499193 -7.683048248 -0.962271094 -0.033375926 0.270037651 -38.764568329
0.272553802 -0.001308461 0.962139666 182.415084839 -0.032874454 0.999402463 0.010671775 -7.692262173 -0.961578727 -0.034538455 0.272347957 -38.580760956
0.277005404 -0.004017780 0.960860014 183.037796021 -0.031440485 0.999417901 0.013242956 -7.693026066 -0.960353851 -0.033878278 0.276717871 -38.401062012
0.283242762 -0.006405937 0.959026873 183.647171021 -0.029513296 0.999445856 0.015392493 -7.691244125 -0.958594024 -0.032663859 0.282896787 -38.213043213
0.290998608 -0.009407395 0.956677258 184.266448975 -0.028169503 0.999433875 0.018396337 -7.692170143 -0.956308663 -0.032302435 0.290568948 -38.019374847
0.301206082 -0.011406315 0.953490853 184.898880005 -0.025259797 0.999482095 0.019936020 -7.695038795 -0.953224421 -0.030089837 0.300761968 -37.827838898
0.312591314 -0.009237029 0.949842811 185.514892578 -0.026926760 0.999464631 0.018581137 -7.695740700 -0.949505985 -0.031384494 0.312175274 -37.617733002
0.323934376 -0.005773471 0.946061909 186.127563477 -0.027917100 0.999487519 0.015658407 -7.696954727 -0.945667565 -0.031483606 0.323607206 -37.394046783
0.335647047 -0.002816011 0.941983640 186.735488892 -0.028618330 0.999503434 0.013185232 -7.696181297 -0.941552997 -0.031383589 0.335399747 -37.170207977
0.347265422 -0.002511623 0.937763572 187.354431152 -0.027322564 0.999544680 0.012794975 -7.692321777 -0.937368810 -0.030065354 0.347038716 -36.934902191
0.358923167 -0.005505865 0.933350921 187.986450195 -0.026107347 0.999532163 0.015935939 -7.687449455 -0.933001935 -0.030087095 0.358611465 -36.690608978
